467.691
461.892
456.275
450.839
445.583
440.502
435.597
430.865
426.303
421.91
417.683
413.622
409.723
405.985
402.405
398.983
395.715
392.601
389.637
386.823
384.156
381.634
379.255
377.018
374.921
372.962
371.138
369.449
367.892
366.465
365.167
363.996
362.95
362.027
361.226
360.544
359.981
359.533
359.2
358.979
358.87
358.87
358.977
359.19
359.508
359.927
360.448
361.068
361.785
362.598
363.505
364.505
365.596
366.777
368.045
369.399
370.838
372.36
373.963
375.646
377.408
379.246
381.16
383.148
385.208
387.338
389.538
391.806
394.14
396.54
399.002
401.527
404.112
406.756
409.458
412.217
415.03
417.897
420.816
423.786
426.806
429.873
432.987
436.147
439.351
442.597
445.885
449.213
452.58
455.985
459.426
462.902
466.412
469.955
473.529
477.133
480.766
484.427
488.114
491.827
495.564
499.324
503.105
506.908
510.73
514.57
518.428
522.302
526.191
530.094
534.01
537.937
541.876
545.824
549.781
553.745
557.716
561.693
565.674
569.659
573.646
577.635
581.625
585.614
589.602
593.587
597.569
601.548
605.521
609.488
613.448
617.401
621.344
625.279
629.203
633.115
637.016
640.904
644.777
648.637
652.481
656.308
660.119
663.912
667.686
671.442
675.177
678.891
682.583
686.254
689.901
693.525
697.124
700.698
704.247
707.769
711.263
714.73
718.169
721.578
724.958
728.308
731.626
734.913
738.168
741.391
744.58
747.735
750.856
753.942
756.992
760.006
762.984
765.925
768.829
771.694
774.521
777.309
780.057
782.766
785.434
788.062
790.648
793.193
795.695
798.156
800.573
802.947
805.278
807.565
809.807
812.005
814.158
816.266
818.328
820.344
822.314
824.238
826.114
827.944
829.727
831.461
833.148
834.787
836.378
837.92
839.414
840.859
842.254
843.601
844.898
846.145
847.343
848.49
849.588
850.636
851.633
852.58
853.477
854.323
855.118
855.863
856.557
857.2
857.792
858.333
858.824
859.264
859.652
859.99
860.277
860.513
860.698
860.832
860.916
860.948
860.931
860.862
860.743
860.574
860.354
860.085
859.765
859.395
858.976
858.507
857.988
857.42
856.803
856.137
855.423
854.66
853.848
852.989
852.081
851.126
850.124
849.074
847.978
846.835
845.645
844.41
843.129
841.803
840.431
839.015
837.555
836.051
834.502
832.911
831.277
829.6
827.881
826.12
824.318
822.476
820.592
818.669
816.706
814.704
812.664
810.585
808.469
806.315
804.125
801.899
799.637
797.34
795.008
792.643
790.244
787.812
785.348
782.853
780.326
777.768
775.181
772.565
769.92
767.247
764.547
761.82
759.067
756.289
753.486
750.66
747.81
744.938
742.043
739.128
736.193
733.238
730.265
727.273
724.264
721.239
718.198
715.142
712.073
708.99
705.895
702.788
699.671
696.544
693.408
690.264
687.113
683.956
680.794
677.627
674.456
671.283
668.109
664.934
661.759
658.585
655.414
652.246
649.083
645.924
642.772
639.628
636.491
633.364
630.248
627.143
624.051
620.972
617.908
614.861
611.83
608.817
605.823
602.85
599.899
596.97
594.065
591.185
588.331
585.505
582.707
579.939
577.202
574.497
571.826
569.19
566.589
564.026
561.501
559.017
556.573
554.172
551.814
549.502
547.236
545.018
542.848
540.73
538.663
536.649
534.69
532.786
530.941
529.153
527.426
525.761
524.159
522.621
521.149
519.745
518.409
517.144
515.951
514.831
513.787
512.818
511.928
511.117
510.387
509.74
509.176
508.699
508.309
508.008
507.797
507.679
507.654
507.725
507.893
508.159
508.526
508.995
509.568
510.245
511.031
511.924
512.929
514.045
515.276
516.622
518.086
519.668
521.372
523.199
