467.691
467.159
466.627
466.096
465.567
465.039
464.515
463.994
463.476
462.963
462.455
461.952
461.455
460.965
460.481
460.005
459.537
459.078
458.628
458.188
457.758
457.339
456.931
456.535
456.151
455.78
455.423
455.08
454.751
454.437
454.139
453.858
453.593
453.345
453.115
452.903
452.711
452.537
452.384
452.251
452.139
452.049
451.981
451.935
451.913
451.914
451.94
451.99
452.066
452.168
452.296
452.451
452.634
452.845
453.084
453.352
453.65
453.979
454.338
454.728
455.15
455.604
456.092
456.613
457.167
457.757
458.381
459.041
459.737
460.47
461.24
462.047
462.894
463.778
464.703
465.667
466.671
467.717
468.804
469.933
471.105
472.32
473.579
474.881
476.229
477.622
479.061
480.546
482.078
483.657
485.285
486.961
488.686
490.461
492.286
494.162
496.088
498.067
500.098
502.182
504.319
506.51
508.756
511.057
513.413
515.825
518.294
520.82
523.401
526.037
528.726
531.467
534.258
537.098
539.987
542.922
545.903
548.928
551.995
555.104
558.253
561.442
564.668
567.93
571.227
574.558
577.922
581.317
584.742
588.195
591.676
595.183
598.714
602.27
605.847
609.445
613.063
616.699
620.352
624.021
627.705
631.401
635.11
638.829
642.557
646.293
650.036
653.785
657.538
661.293
665.05
668.808
672.564
676.318
680.069
683.815
687.554
691.286
695.009
698.723
702.425
706.114
709.79
713.45
717.094
720.72
724.327
727.913
731.478
735.021
738.539
742.031
745.497
748.934
752.343
755.72
759.066
762.378
765.656
768.898
772.103
775.27
778.397
781.483
784.527
787.527
790.482
793.392
796.254
799.067
801.83
804.542
807.201
809.807
812.357
814.851
817.288
819.665
821.982
824.237
826.43
828.558
830.621
832.617
834.546
836.404
838.193
839.909
841.552
843.121
844.614
846.03
847.368
848.626
849.807
850.909
851.936
852.886
853.762
854.563
855.292
855.948
856.533
857.047
857.492
857.868
858.176
858.417
858.591
858.701
858.746
858.727
858.646
858.503
858.299
858.035
857.711
857.329
856.89
856.394
855.842
855.236
854.575
853.861
853.095
852.278
851.41
850.492
849.526
848.511
847.449
846.342
845.188
843.991
842.75
841.466
840.14
838.773
837.366
835.92
834.435
832.913
831.354
829.759
828.13
826.466
824.769
823.04
821.279
819.488
817.667
815.817
813.94
812.035
810.103
808.147
806.166
804.161
802.134
800.084
798.014
795.923
793.813
791.685
789.539
787.376
785.198
783.005
780.797
778.576
776.343
774.099
771.843
769.579
767.305
765.023
762.734
760.438
758.138
755.832
753.523
751.212
748.898
746.583
744.268
741.954
739.641
737.331
735.023
732.72
730.422
728.13
725.845
723.567
721.298
719.038
716.788
714.549
712.322
710.108
707.906
705.717
703.539
701.374
699.22
697.079
694.949
692.83
690.723
688.628
686.543
684.47
682.408
680.357
678.316
676.286
674.266
672.257
670.258
668.269
666.291
664.322
662.363
660.414
658.474
656.544
654.623
652.711
650.808
648.914
647.03
645.153
643.286
641.427
639.576
637.734
635.899
634.073
632.255
630.444
628.641
626.846
625.058
623.277
621.504
619.737
617.978
616.225
614.479
612.74
611.007
609.281
607.561
605.846
604.138
602.436
600.74
599.049
597.364
595.684
594.009
592.34
590.675
589.016
587.361
585.711
584.066
582.425
580.789
579.156
577.528
575.904
574.283
572.667
571.054
569.444
567.838
566.235
564.636
563.039
561.445
559.855
558.266
556.681
555.098
553.517
551.938
550.361
548.787
547.214
545.643
544.074
542.506
540.939
539.374
537.81
536.246
534.684
533.123
531.562
530.002
528.442
526.882
525.323
