-4621.83
-4632.14
-4642.13
-4651.81
-4661.18
-4670.26
-4679.05
-4687.54
-4695.76
-4703.69
-4711.35
-4718.74
-4725.86
-4732.72
-4739.33
-4745.68
-4751.79
-4757.66
-4763.29
-4768.69
-4773.86
-4778.8
-4783.53
-4788.04
-4792.34
-4796.44
-4800.33
-4804.02
-4807.52
-4810.84
-4813.96
-4816.91
-4819.68
-4822.28
-4824.71
-4826.98
-4829.08
-4831.03
-4832.83
-4834.48
-4835.99
-4837.36
-4838.59
-4839.69
-4840.66
-4841.51
-4842.23
-4842.84
-4843.34
-4843.73
-4844.01
-4844.19
-4844.27
-4844.26
-4844.16
-4843.96
-4843.69
-4843.33
-4842.9
-4842.4
-4841.82
-4841.18
-4840.48
-4839.71
-4838.89
-4838.02
-4837.1
-4836.13
-4835.12
-4834.06
-4832.97
-4831.85
-4830.7
-4829.52
-4828.31
-4827.09
-4825.84
-4824.58
-4823.31
-4822.03
-4820.74
-4819.45
-4818.16
-4816.87
-4815.59
-4814.31
-4813.05
-4811.8
-4810.56
-4809.34
-4808.15
-4806.98
-4805.83
-4804.72
-4803.63
-4802.59
-4801.57
-4800.6
-4799.67
-4798.78
-4797.94
-4797.15
-4796.41
-4795.73
-4795.1
-4794.53
-4794.01
-4793.57
-4793.18
-4792.87
-4792.62
-4792.44
-4792.34
-4792.31
-4792.36
-4792.49
-4792.71
-4793
-4793.38
-4793.85
-4794.4
-4795.05
-4795.79
-4796.63
-4797.56
-4798.59
-4799.72
-4800.95
-4802.28
-4803.72
-4805.27
-4806.92
-4808.68
-4810.56
-4812.55
-4814.65
-4816.86
-4819.2
-4821.65
-4824.22
-4826.91
-4829.73
-4832.67
-4835.73
-4838.92
-4842.24
-4845.69
-4849.26
-4852.97
-4856.81
-4860.78
-4864.89
-4869.13
-4873.51
-4878.02
-4882.68
-4887.47
-4892.4
-4897.48
-4902.69
-4908.05
-4913.55
-4919.2
-4924.99
-4930.92
-4937.01
-4943.23
-4949.61
-4956.14
-4962.81
-4969.63
-4976.61
-4983.73
-4991.01
-4998.43
-5006.01
-5013.74
-5021.62
-5029.66
-5037.85
-5046.19
-5054.69
-5063.34
-5072.14
-5081.1
-5090.22
-5099.48
-5108.91
-5118.49
-5128.22
-5138.11
-5148.15
-5158.35
-5168.71
-5179.21
-5189.88
-5200.7
-5211.67
-5222.8
-5234.08
-5245.52
-5257.11
-5268.85
-5280.75
-5292.79
-5305
-5317.35
-5329.86
-5342.51
-5355.32
-5368.28
-5381.39
-5394.64
-5408.05
-5421.6
-5435.3
-5449.15
-5463.15
-5477.28
-5491.57
-5506
-5520.57
-5535.28
-5550.14
-5565.13
-5580.27
-5595.55
-5610.96
-5626.51
-5642.19
-5658.01
-5673.97
-5690.06
-5706.28
-5722.63
-5739.11
-5755.71
-5772.45
-5789.31
-5806.3
-5823.41
-5840.64
-5857.99
-5875.46
-5893.05
-5910.76
-5928.58
-5946.52
-5964.56
-5982.72
-6000.99
-6019.36
-6037.85
-6056.43
-6075.12
-6093.91
-6112.8
-6131.79
-6150.87
-6170.04
-6189.31
-6208.67
-6228.12
-6247.66
-6267.28
-6286.98
-6306.76
-6326.63
-6346.57
-6366.58
-6386.67
-6406.83
-6427.06
-6447.35
-6467.71
-6488.13
-6508.61
-6529.15
-6549.74
-6570.39
-6591.09
-6611.83
-6632.62
-6653.46
-6674.34
-6695.25
-6716.2
-6737.19
-6758.21
-6779.25
-6800.32
-6821.42
-6842.53
-6863.67
-6884.82
-6905.98
-6927.15
-6948.33
-6969.52
-6990.7
-7011.89
-7033.07
-7054.24
-7075.4
-7096.55
-7117.69
-7138.8
-7159.9
-7180.96
-7202
-7223.01
-7243.99
-7264.92
-7285.82
-7306.67
-7327.48
-7348.23
-7368.93
-7389.58
-7410.16
-7430.68
-7451.13
-7471.51
-7491.82
-7512.05
-7532.2
-7552.26
-7572.24
-7592.12
-7611.91
-7631.6
-7651.19
-7670.67
-7690.04
-7709.29
-7728.43
-7747.45
-7766.34
-7785.1
-7803.73
-7822.22
-7840.57
-7858.78
-7876.84
-7894.74
-7912.49
-7930.08
-7947.5
-7964.76
-7981.84
-7998.74
-8015.46
-8032
-8048.34
-8064.49
-8080.45
-8096.19
-8111.74
-8127.07
-8142.18
-8157.08
-8171.74
-8186.18
-8200.39
-8214.36
-8228.08
-8241.56
-8254.78
-8267.75
-8280.45
-8292.89
-8305.06
-8316.95
-8328.57
-8339.89
-8350.93
-8361.67
-8372.11
-8382.25
-8392.08
-8401.59
-8410.79
-8419.66
-8428.2
-8436.4
-8444.26
-8451.78
-8458.95
-8465.77
-8472.22
-8478.31
-8484.03
-8489.37
-8494.33
-8498.91
-8503.09
-8506.87
-8510.26
-8513.23
-8515.79
-8517.93
-8519.64
-8520.93
-8521.78
-8522.19
