-4621.83349609375
-4623.82275390625
-4627.154296875
-4630.86083984375
-4636.90234375
-4646.1767578125
-4654.92578125
-4663.826171875
-4673.99951171875
-4683.2734375
-4692.91162109375
-4701.71337890625
-4710.298828125
-4720.0751953125
-4728.85888671875
-4730.0791015625
-4727.70556640625
-4726.90869140625
-4730.07177734375
-4733.4775390625
-4735.76318359375
-4737.8544921875
-4740.61865234375
-4739.30126953125
-4731.748046875
-4724.07177734375
-4719.0341796875
-4714.947265625
-4711.52099609375
-4712.2646484375
-4724.49951171875
-4732.1162109375
-4738.7177734375
-4744.1083984375
-4742.68994140625
-4743.19189453125
-4743
-4743.80419921875
-4743.18359375
-4741.6005859375
-4739.31201171875
-4736.3388671875
-4735.70166015625
-4735.65478515625
-4739.93798828125
-4742.52294921875
-4744.3349609375
-4745.6142578125
-4745.8466796875
-4746.47509765625
-4748.2509765625
-4749.79638671875
-4751.0673828125
-4753.0029296875
-4754.16259765625
-4755.2099609375
-4755.78173828125
-4757.0703125
-4757.38427734375
-4756.876953125
-4756.076171875
-4754.9892578125
-4753.794921875
-4753
-4752.3076171875
-4752.75146484375
-4754.720703125
-4755.38427734375
-4757.9013671875
-4765.97119140625
-4765.25537109375
-4771.451171875
-4768.71484375
-4770.6689453125
-4776.5146484375
-4781.77587890625
-4783.43603515625
-4784.71875
-4785
-4783.27099609375
-4782.7724609375
-4784.39306640625
-4785.64453125
-4787
-4785.578125
-4784.24951171875
-4786.11083984375
-4785.2802734375
-4785.2236328125
-4784
-4787.53466796875
-4786.27099609375
-4786.37548828125
-4788.419921875
-4790.5361328125
-4789.29345703125
-4791.79443359375
-4791.92431640625
-4792.43798828125
-4794.673828125
-4796
-4796.0224609375
-4797.04248046875
-4799.75
-4802
-4802
-4802.80224609375
-4803.0673828125
-4803.06396484375
-4805.2646484375
-4808.7666015625
-4812.2060546875
-4814.1865234375
-4814.685546875
-4815.3505859375
-4815.9716796875
-4816.392578125
-4817.802734375
-4818.64599609375
-4820.57275390625
-4821.63916015625
-4824.630859375
-4827.4365234375
-4828.55078125
-4833.658203125
-4838.33251953125
-4841.96240234375
-4839.74267578125
-4841.2705078125
-4845.04443359375
-4850.2353515625
-4851.916015625
-4853.63330078125
-4855.0791015625
-4859.12255859375
-4863.94482421875
-4869.50732421875
-4869.5283203125
-4874.052734375
-4881.2861328125
-4884.9384765625
-4889.68017578125
-4894.4345703125
-4901.25146484375
-4904.95947265625
-4910.7919921875
-4919.5654296875
-4928.892578125
-4933.5732421875
-4939.90234375
-4953.07568359375
-4961.38525390625
-4962.396484375
-4965.28662109375
-4968.26708984375
-4973.38330078125
-4979.93359375
-4983.47998046875
-4985.54248046875
-4987.55419921875
-4994.51220703125
-4997.60302734375
-5001.3359375
-5007.81201171875
-5014.685546875
-5020.28369140625
-5026.0439453125
-5032.2734375
-5037.85693359375
-5043.36328125
-5050.9697265625
-5059.75830078125
-5066.23193359375
-5073.2060546875
-5081.21826171875
-5087.455078125
-5092.91552734375
-5100.75537109375
-5115.43701171875
-5125.0068359375
-5129.037109375
-5132.2939453125
-5138.8349609375
-5143.62451171875
-5149.28466796875
-5154.9873046875
-5155.93701171875
-5154.091796875
-5155.92529296875
-5157.80615234375
-5166.02978515625
-5184.8466796875
-5193.453125
-5202.78271484375
-5208.3369140625
-5203.83349609375
-5204.77734375
-5218.19287109375
-5226.32421875
-5223.4384765625
-5226.138671875
-5242.76513671875
-5244.57470703125
-5263.85693359375
-5272.25244140625
-5280.8505859375
-5288.05029296875
-5296.7490234375
-5304.44775390625
-5311.609375
-5314.65087890625
-5320.0224609375
-5327.01025390625
-5337.1669921875
-5347.927734375
-5350.3427734375
-5346.55859375
-5355.80859375
-5368.01123046875
-5378.142578125
-5390.9267578125
-5404.82763671875
-5416.58447265625
-5428.2294921875
-5426.13671875
-5432.642578125
-5451.14111328125
-5467.01611328125
-5479.5
-5519.59423828125
-5541.962890625
-5530.66259765625
-5528.767578125
-5540.89501953125
-5554.4189453125
-5574.5419921875
-5653.794921875
-5694.8671875
-5708.0830078125
-5715.47265625
-5718.0966796875
-5712.4140625
-5706.88134765625
-5714.15283203125
-5725.45556640625
-5728.068359375
-5738.658203125
-5727.73095703125
-5732.09423828125
-5744.466796875
-5771.60400390625
-5816.65380859375
-5848.93505859375
-5861.8212890625
-5865.279296875
-5875.10595703125
-5901.14501953125
-5931.32421875
-5957.0869140625
-5919.93994140625
-5930.47607421875
-5953.8740234375
-5973.51611328125
-5994.47705078125
-6025.07177734375
-6065.8525390625
-6104.86279296875
-6134.31982421875
-6161.6748046875
-6190.20068359375
-6227.2109375
-6290.71044921875
-6343.5234375
-6356.03515625
-6355.599609375
-6387.1796875
-6444.03759765625
-6475.61328125
-6429.318359375
-6383.77001953125
-6390.6708984375
-6417.68115234375
-6454.927734375
-6488.3427734375
-6505.92724609375
-6510.408203125
-6526.21826171875
-6511.10107421875
-6501.26171875
-6533.74609375
-6570.169921875
-6609.453125
-6644.2900390625
-6671.212890625
-6696.50732421875
-6768.896484375
-6813.4697265625
-6819.65283203125
-6828.3134765625
-6855.580078125
-6838.14697265625
-6854.19384765625
-6894.294921875
-6935.67822265625
-6978.11083984375
-7022.00830078125
-7084.5224609375
-7204.81005859375
-7271.6455078125
-7301.419921875
-7276.7734375
-7248.77587890625
-7271.80908203125
-7339.88720703125
-7466.7001953125
-7485.5927734375
-7500.22265625
-7542.7509765625
-7549.2373046875
-7526.513671875
-7622.2294921875
-7761.9755859375
-7769.46044921875
-7771.9384765625
-7791.818359375
-7830.837890625
-7898.61376953125
-7954.7724609375
-7973.16455078125
-8006.18896484375
-8084.56494140625
-8121.82177734375
-8137.87890625
-8205.1123046875
-8213.845703125
-8165.79052734375
-8156.6044921875
-8168.19091796875
-8168.38720703125
-8226.4345703125
-8330.5341796875
-8461.7119140625
-8547.4501953125
-8526.2744140625
-8565.2529296875
-8704.3818359375
-8735.62109375
-8876.0458984375
-8979.0048828125
-9010.5888671875
-9036.85546875
-9080.2978515625
-9092.87109375
-9185.744140625
-9211.5859375
-9294.0859375
-9358.4423828125
-9403.8388671875
-9336.0576171875
-9270.28515625
-9320.6416015625
-9406.8642578125
-9508.3212890625
-9590.8388671875
-9606.138671875
-9552.2099609375
-9638.966796875
-9784.578125
-9897.9208984375
-10007.775390625
-10115.6416015625
-10199.1591796875
-10331.5263671875
-10513.54296875
-10694.0126953125
-10813.353515625
-10656.951171875
-10495.76953125
-10506.111328125
-10511.5908203125
-10471.9814453125
-10345.7666015625
-10166.908203125
-10054.0205078125
-9994.4775390625
-9959.6064453125
-9933.8291015625
-10107.048828125
-10089.8271484375
-9952.8740234375
-9825.775390625
-9710.8525390625
-9625.935546875
-9571.408203125
-9508.4775390625
-9426.025390625
-9349.560546875
-9267.09375
-9172.45703125
-9083.3935546875
-8996.6279296875
-8934.2158203125
-8873.97265625
-8806.5517578125
-8720.185546875
-8657.7294921875
-8620.2119140625
-8577.431640625
-8522.2197265625
-8496.8505859375
-8481.71875
-8459.544921875
-8439.06640625
-8417.7666015625
-8420.2275390625
-8407.7822265625
-8378.921875
-8420.3828125
-8503.2958984375
-8511.1875
-8484.701171875
-8417.8427734375
-8298.314453125
-8176.06640625
-8040.15673828125
-7942.9482421875
-7890.296875
-7825.736328125
-7724.7109375
-7640.166015625
-7628.478515625
-7612.80517578125
-7542.1953125
-7461.26220703125
-7375.77294921875
-7291.4140625
-7204.27294921875
-7108.8544921875
-6994.099609375
-6882.10400390625
-6795.2744140625
-6684.51416015625
-6581.99853515625
-6484.8671875
-6384.70703125
-6300.5166015625
-6219.90625
-6157.3173828125
-6126.2216796875
-6078.07958984375
-6036.6943359375
-5991.783203125
-5968.0029296875
-5919.2529296875
-5863.54541015625
-5843.19384765625
-5821.11083984375
-5754.86865234375
-5678.72412109375
-5604.32421875
-5520.7880859375
-5446.75390625
-5385.3291015625
-5345.2998046875
-5328.4462890625
-5300.7197265625
-5257.634765625
-5182.02587890625
-5106.9462890625
-5005.0791015625
-4874.1396484375
-4727.9638671875
-4587.205078125
-4526.39794921875
-4463.18798828125
-4342.89892578125
-4183.2880859375
-4040.721435546875
-3957.449462890625
-3846.446533203125
-3735.73828125
-3640.224609375
-3557.69384765625
-3517.48681640625
-3501.3994140625
-3454.245361328125
-3366.55224609375
-3316.52490234375
-3280.893798828125
-3290.063720703125
-3316.458251953125
-3263.27978515625
-3174.966064453125
-3105.555419921875
-3060.38671875
-3000.23046875
-2899.306640625
-2829.215087890625
-2797.323974609375
-2766.222412109375
-2709.813720703125
-2672.1455078125
-2638.4736328125
-2573.62109375
-2518.190185546875
-2469.47998046875
-2370.842529296875
-2323.22119140625
-2362.544189453125
-2460.655029296875
-2486.41064453125
-4308.6474609375
