-4621.83
-4624.94
-4628.04
-4631.14
-4634.23
-4637.33
-4640.41
-4643.48
-4646.55
-4649.61
-4652.65
-4655.68
-4658.69
-4661.69
-4664.67
-4667.64
-4670.58
-4673.5
-4676.4
-4679.27
-4682.12
-4684.94
-4687.73
-4690.5
-4693.23
-4695.93
-4698.59
-4701.23
-4703.82
-4706.38
-4708.9
-4711.37
-4713.81
-4716.2
-4718.55
-4720.86
-4723.11
-4725.32
-4727.48
-4729.58
-4731.64
-4733.64
-4735.58
-4737.47
-4739.3
-4741.07
-4742.78
-4744.43
-4746.02
-4747.54
-4748.99
-4750.38
-4751.7
-4752.96
-4754.16
-4755.3
-4756.38
-4757.41
-4758.4
-4759.33
-4760.23
-4761.08
-4761.9
-4762.68
-4763.44
-4764.16
-4764.86
-4765.54
-4766.2
-4766.84
-4767.47
-4768.09
-4768.7
-4769.31
-4769.92
-4770.53
-4771.14
-4771.76
-4772.39
-4773.04
-4773.7
-4774.39
-4775.09
-4775.82
-4776.58
-4777.37
-4778.2
-4779.07
-4779.97
-4780.92
-4781.91
-4782.96
-4784.06
-4785.21
-4786.42
-4787.69
-4789.03
-4790.44
-4791.91
-4793.46
-4795.09
-4796.79
-4798.58
-4800.45
-4802.4
-4804.42
-4806.53
-4808.72
-4810.97
-4813.31
-4815.72
-4818.19
-4820.74
-4823.36
-4826.05
-4828.8
-4831.62
-4834.51
-4837.46
-4840.47
-4843.54
-4846.67
-4849.86
-4853.1
-4856.4
-4859.76
-4863.17
-4866.63
-4870.14
-4873.71
-4877.32
-4880.98
-4884.68
-4888.43
-4892.22
-4896.06
-4899.93
-4903.85
-4907.8
-4911.8
-4915.82
-4919.89
-4923.98
-4928.11
-4932.27
-4936.46
-4940.68
-4944.93
-4949.2
-4953.5
-4957.82
-4962.17
-4966.53
-4970.92
-4975.33
-4979.77
-4984.23
-4988.73
-4993.27
-4997.84
-5002.45
-5007.11
-5011.81
-5016.56
-5021.37
-5026.23
-5031.14
-5036.12
-5041.16
-5046.26
-5051.43
-5056.68
-5061.99
-5067.39
-5072.86
-5078.42
-5084.06
-5089.79
-5095.61
-5101.52
-5107.53
-5113.64
-5119.85
-5126.16
-5132.58
-5139.12
-5145.76
-5152.52
-5159.4
-5166.4
-5173.52
-5180.77
-5188.15
-5195.67
-5203.31
-5211.1
-5219.02
-5227.09
-5235.31
-5243.67
-5252.19
-5260.86
-5269.69
-5278.67
-5287.82
-5297.12
-5306.58
-5316.19
-5325.94
-5335.84
-5345.89
-5356.08
-5366.4
-5376.86
-5387.46
-5398.18
-5409.03
-5420.01
-5431.11
-5442.34
-5453.67
-5465.13
-5476.7
-5488.37
-5500.16
-5512.05
-5524.04
-5536.13
-5548.32
-5560.6
-5572.98
-5585.44
-5597.99
-5610.63
-5623.34
-5636.14
-5649.01
-5661.96
-5674.98
-5688.06
-5701.21
-5714.43
-5727.71
-5741.04
-5754.43
-5767.88
-5781.37
-5794.92
-5808.51
-5822.14
-5835.81
-5849.52
-5863.27
-5877.05
-5890.86
-5904.73
-5918.68
-5932.73
-5946.89
-5961.21
-5975.68
-5990.35
-6005.22
-6020.32
-6035.68
-6051.31
-6067.24
-6083.49
-6100.08
-6117.03
-6134.36
-6152.11
-6170.28
-6188.9
-6207.99
-6227.58
-6247.69
-6268.33
-6289.54
-6311.32
-6333.71
-6356.73
-6380.39
-6404.73
-6429.75
-6455.49
-6481.97
-6509.2
-6537.22
-6566.03
-6595.67
-6626.16
-6657.51
-6689.75
-6722.9
-6756.99
-6792.03
-6828.05
-6865.07
-6903.11
-6942.19
-6982.34
-7023.58
-7065.92
-7109.39
-7153.97
-7199.59
-7246.19
-7293.71
-7342.09
-7391.26
-7441.17
-7491.75
-7542.94
-7594.68
-7646.91
-7699.56
-7752.57
-7805.89
-7859.44
-7913.17
-7967.02
-8020.92
-8074.81
-8128.63
-8182.32
-8235.81
-8289.05
-8341.97
-8394.52
-8446.62
-8498.22
-8549.25
-8599.65
-8649.37
-8698.34
-8746.49
-8793.77
-8840.11
-8885.45
-8929.74
-8972.9
-9014.88
-9055.61
-9095.04
-9133.09
-9169.72
-9204.85
-9238.43
-9270.39
-9300.67
-9329.21
-9355.95
-9380.83
-9403.77
-9424.75
-9443.76
-9460.84
-9476
-9489.28
-9500.69
-9510.27
-9518.05
-9524.03
-9528.26
-9530.76
-9531.55
-9530.66
-9528.11
-9523.93
-9518.14
-9510.78
-9501.86
-9491.41
-9479.46
-9466.03
-9451.15
-9434.84
-9417.13
-9398.04
-9377.61
-9355.85
-9332.79
-9308.46
-9282.88
-9256.08
-9228.08
-9198.91
-9168.59
-9137.15
-9104.62
-9071.02
-9036.37
-9000.71
-8964.05
-8926.43
-8887.87
-8848.39
-8808.01
-8766.78
-8724.7
-8681.81
-8638.13
-8593.69
-8548.51
-8502.62
-8456.04
-8408.78
-8360.85
-8312.28
-8263.07
-8213.24
-8162.79
-8111.76
-8060.14
-8007.96
-7955.22
-7901.94
-7848.14
-7793.82
-7739
-7683.71
-7627.94
-7571.71
-7515.04
-7457.94
-7400.42
-7342.51
-7284.2
-7225.52
-7166.48
-7107.09
-7047.37
-6987.34
-6926.99
-6866.36
-6805.44
-6744.27
-6682.84
-6621.17
-6559.29
-6497.19
-6434.9
-6372.43
-6309.79
-6247
-6184.06
-6121.01
-6057.83
-5994.56
-5931.21
-5867.78
-5804.3
-5740.78
-5677.22
-5613.65
