-4621.83
-5633.61
-6463.29
-7131.83
-7658.34
-8060.21
-8353.26
-8551.85
-8668.96
-8716.33
-8704.51
-8643.01
-8540.32
-8404.03
-8240.9
-8056.9
-7857.32
-7646.78
-7429.34
-7208.5
-6987.28
-6768.27
-6553.65
-6345.23
-6144.5
-5952.68
-5770.71
-5599.3
-5438.95
-5290
-5152.61
-5026.8
-4912.5
-4809.51
-4717.55
-4636.26
-4565.23
-4504.01
-4452.09
-4408.95
-4374.03
-4346.78
-4326.62
-4312.98
-4305.31
-4303.04
-4305.64
-4312.56
-4323.31
-4337.39
-4354.34
-4373.7
-4395.08
-4418.06
-4442.29
-4467.42
-4493.14
-4519.17
-4545.23
-4571.1
-4596.57
-4621.43
-4645.54
-4668.74
-4690.91
-4711.96
-4731.79
-4750.34
-4767.57
-4783.43
-4797.92
-4811.01
-4822.72
-4833.07
-4842.08
-4849.78
-4856.22
-4861.46
-4865.53
-4868.52
-4870.47
-4871.46
-4871.56
-4870.84
-4869.37
-4867.24
-4864.51
-4861.25
-4857.55
-4853.47
-4849.08
-4844.45
-4839.64
-4834.71
-4829.73
-4824.75
-4819.83
-4815
-4810.33
-4805.84
-4801.59
-4797.59
-4793.89
-4790.52
-4787.48
-4784.82
-4782.53
-4780.65
-4779.17
-4778.1
-4777.46
-4777.23
-4777.43
-4778.04
-4779.06
-4780.49
-4782.31
-4784.51
-4787.08
-4790.01
-4793.28
-4796.86
-4800.76
-4804.94
-4809.39
-4814.09
-4819.01
-4824.14
-4829.47
-4834.96
-4840.6
-4846.37
-4852.25
-4858.22
-4864.27
-4870.38
-4876.52
-4882.7
-4888.88
-4895.06
-4901.23
-4907.37
-4913.47
-4919.53
-4925.53
-4931.47
-4937.34
-4943.13
-4948.85
-4954.48
-4960.04
-4965.5
-4970.88
-4976.18
-4981.39
-4986.52
-4991.58
-4996.56
-5001.47
-5006.32
-5011.12
-5015.86
-5020.56
-5025.23
-5029.86
-5034.48
-5039.09
-5043.7
-5048.32
-5052.95
-5057.61
-5062.31
-5067.05
-5071.85
-5076.71
-5081.65
-5086.67
-5091.78
-5097
-5102.32
-5107.76
-5113.33
-5119.03
-5124.87
-5130.86
-5137
-5143.3
-5149.77
-5156.41
-5163.23
-5170.22
-5177.41
-5184.78
-5192.35
-5200.11
-5208.07
-5216.23
-5224.6
-5233.16
-5241.94
-5250.92
-5260.11
-5269.51
-5279.12
-5288.94
-5298.96
-5309.2
-5319.64
-5330.28
-5341.14
-5352.2
-5363.46
-5374.93
-5386.59
-5398.46
-5410.53
-5422.8
-5435.26
-5447.92
-5460.77
-5473.82
-5487.05
-5500.48
-5514.1
-5527.91
-5541.9
-5556.09
-5570.46
-5585.01
-5599.75
-5614.67
-5629.78
-5645.07
-5660.54
-5676.2
-5692.03
-5708.05
-5724.25
-5740.63
-5757.18
-5773.92
-5790.83
-5807.92
-5825.19
-5842.63
-5860.24
-5878.03
-5895.98
-5914.11
-5932.4
-5950.86
-5969.48
-5988.26
-6007.2
-6026.3
-6045.54
-6064.93
-6084.47
-6104.15
-6123.96
-6143.9
-6163.97
-6184.16
-6204.47
-6224.9
-6245.42
-6266.05
-6286.78
-6307.6
-6328.5
-6349.48
-6370.53
-6391.65
-6412.84
-6434.08
-6455.38
-6476.73
-6498.12
-6519.55
-6541.02
-6562.53
-6584.06
-6605.63
-6627.24
-6648.87
-6670.53
-6692.23
-6713.97
-6735.75
-6757.57
-6779.45
-6801.38
-6823.39
-6845.48
-6867.66
-6889.94
-6912.35
-6934.89
-6957.59
-6980.46
-7003.53
-7026.82
-7050.36
-7074.17
-7098.28
-7122.72
-7147.52
-7172.72
-7198.36
-7224.46
-7251.07
-7278.23
-7305.97
-7334.35
-7363.41
-7393.19
-7423.73
-7455.08
-7487.3
-7520.42
-7554.49
-7589.57
-7625.7
-7662.93
-7701.3
-7740.86
-7781.65
-7823.71
-7867.1
-7911.84
-7957.96
-8005.52
-8054.53
-8105.01
-8157.01
-8210.52
-8265.57
-8322.16
-8380.3
-8439.98
-8501.2
-8563.93
-8628.17
-8693.86
-8760.98
-8829.48
-8899.31
-8970.39
-9042.66
-9116.04
-9190.42
-9265.7
-9341.77
-9418.5
-9495.76
-9573.4
-9651.26
-9729.16
-9806.92
-9884.36
-9961.25
-10037.4
-10112.5
-10186.5
-10258.9
-10329.6
-10398.3
-10464.7
-10528.5
-10589.4
-10647.2
-10701.4
-10751.7
-10797.9
-10839.6
-10876.5
-10908.2
-10934.4
-10954.8
-10969
-10976.6
-10977.5
-10971.2
-10957.4
-10935.9
-10906.4
-10868.5
-10822.2
-10767
-10703
-10629.7
-10547.3
-10455.4
-10354.1
-10243.2
-10122.9
-9993.18
-9854.08
-9705.8
-9548.52
-9382.5
-9208.08
-9025.62
-8835.59
-8638.49
-8434.91
-8225.53
-8011.09
-7792.39
-7570.35
-7345.96
-7120.27
-6894.45
-6669.73
-6447.44
-6228.99
-6015.87
-5809.68
-5612.06
-5424.75
-5249.57
-5088.4
-4943.18
-4815.9
-4708.63
-4623.45
-4562.48
-4527.84
-4521.69
-4546.14
-4603.29
-4695.19
-4823.81
-4991.05
-5198.67
-5448.28
-5741.34
-6079.06
-6462.43
-6892.15
-7368.57
-7891.66
-8460.98
-9075.59
-9734
-10434.1
-11173.1
-11947.5
-12753
-13584.1
-14434.7
-15297.3
-16163.3
-17022.6
-17864
-18674.4
-19439.2
-20141.7
-20763.4
-21283.6
-21679.2
-21924.6
-21991.4
-21848.3
-21461
-20791.6
-19798.7
-18436.9
-16656.8
-14404.4
-11621
-8242.8
-4200.67
