0
495.80246904672196706
991.60493809344393412
1487.4074071401660149
1983.2098761868878682
2479.0123452336097216
2974.8148142803320297
3470.6172833270538831
3966.4197523737757365
4462.2222214204975899
4958.0246904672194432
5453.8271595139412966
5949.6296285606640595
6445.4320976073859129
6941.2345666541077662
7437.0370357008296196
7932.839504747551473
8428.6419737942742358
8924.4444428409951797
9420.2469118877179426
9916.0493809344388865
10411.851849981161649
10907.654319027882593
11403.456788074605356
11899.259257121328119
12395.061726168049063
12890.864195214771826
13386.66666426149277
13882.469133308215532
14378.271602354936476
14874.074071401659239
15369.876540448380183
15865.679009495102946
16361.481478541825709
16857.283947588548472
17353.086416635269416
17848.888885681990359
18344.691354728711303
18840.493823775435885
19336.296292822156829
19832.098761868877773
20327.901230915602355
20823.703699962323299
21319.506169009044243
21815.308638055765186
22311.111107102489768
22806.913576149210712
23302.716045195931656
23798.518514242656238
24294.320983289377182
24790.123452336098126
25285.92592138281907
25781.728390429543651
26277.530859476264595
26773.333328522985539
27269.135797569706483
27764.938266616431065
28260.740735663152009
28756.543204709872953
29252.345673756597535
29748.148142803318478
30243.950611850039422
30739.753080896760366
31235.555549943484948
31731.358018990205892
32227.160488036926836
32722.962957083651418
33218.765426130368724
33714.567895177096943
34210.370364223817887
34706.172833270538831
35201.975302317259775
35697.777771363980719
36193.580240410701663
36689.382709457422607
37185.185178504150826
37680.98764755087177
38176.790116597592714
38672.592585644313658
39168.395054691034602
39664.197523737755546
40159.99999278447649
40655.80246183120471
41151.604930877925653
41647.407399924646597
42143.209868971367541
42639.012338018088485
43134.814807064809429
43630.617276111530373
44126.419745158258593
44622.222214204979537
45118.02468325170048
45613.827152298421424
46109.629621345142368
46605.432090391863312
47101.234559438584256
47597.037028485312476
48092.83949753203342
48588.641966578754364
49084.444435625475307
49580.246904672196251
50076.049373718917195
50571.851842765638139
51067.654311812359083
51563.456780859087303
52059.259249905808247
52555.061718952529191
53050.864187999250134
53546.666657045971078
54042.469126092692022
54538.271595139412966
55034.074064186141186
55529.87653323286213
56025.679002279583074
56521.481471326304018
57017.283940373024961
57513.086409419745905
58008.888878466466849
58504.691347513195069
59000.493816559916013
59496.296285606636957
59992.098754653357901
60487.901223700078845
60983.703692746799788
61479.506161793520732
61975.308630840248952
62471.111099886969896
62966.91356893369084
63462.716037980411784
63958.518507027132728
64454.320976073853672
64950.123445120574615
65445.925914167302835
65941.728383214023779
66437.530852260737447
66933.333321307465667
67429.135790354193887
67924.938259400907555
68420.740728447635775
68916.543197494349442
69412.345666541077662
69908.14813558779133
70403.95060463451955
70899.75307368124777
71395.555542727961438
71891.358011774689658
72387.160480821403326
72882.962949868131545
73378.765418914845213
73874.567887961573433
74370.370357008301653
74866.172826055015321
75361.975295101743541
75857.777764148457209
76353.580233195185428
76849.382702241899096
77345.185171288627316
77840.987640335355536
78336.790109382069204
78832.592578428797424
79328.395047475511092
79824.197516522239312
80319.99998556895298
80815.802454615681199
81311.604923662409419
81807.407392709123087
82303.209861755851307
82799.012330802564975
83294.814799849293195
83790.617268896006863
84286.419737942735082
84782.222206989463302
85278.02467603617697
85773.82714508290519
86269.629614129618858
86765.432083176347078
87261.234552223060746
87757.037021269788966
88252.839490316517185
88748.641959363230853
89244.444428409959073
89740.246897456672741
90236.049366503400961
90731.851835550114629
91227.654304596842849
91723.456773643571069
92219.259242690284736
92715.061711737012956
93210.864180783726624
93706.666649830454844
94202.469118877168512
94698.271587923896732
95194.074056970624952
95689.87652601733862
96185.678995064066839
96681.481464110780507
97177.283933157508727
97673.086402204222395
98168.888871250950615
98664.691340297664283
99160.493809344392503
99656.296278391120723
100152.09874743783439
100647.90121648456261
101143.70368553127628
101639.5061545780045
102135.30862362471817
102631.11109267144639
103126.91356171817461
103622.71603076488827
104118.51849981161649
104614.32096885833016
105110.12343790505838
105605.92590695177205
106101.72837599850027
106597.53084504522849
107093.33331409194216
107589.13578313867038
108084.93825218538404
108580.74072123211226
109076.54319027882593
109572.34565932555415
110068.14812837228237
110563.95059741899604
111059.75306646572426
111555.55553551243793
112051.35800455916615
112547.16047360587982
113042.96294265260804
113538.76541169933625
114034.56788074604992
114530.37034979277814
115026.17281883949181
115521.97528788622003
116017.7777569329337
116513.58022597966192
117009.38269502639014
117505.18516407310381
118000.98763311983203
118496.79010216654569
118992.59257121327391
119488.39504025998758
119984.1975093067158
120479.99997835344402
120975.80244740015769
121471.60491644688591
121967.40738549359958
122463.2098545403278
122959.01232358704146
123454.81479263376968
123950.6172616804979
124446.41973072721157
124942.22219977393979
125438.02466882065346
125933.82713786738168
126429.62960691409535
126925.43207596082357
127421.23454500755179
127917.03701405426546
128412.83948310099368
128908.64195214770734
129404.44442119443556
129900.24689024114923
130396.04935928787745
130891.85182833460567
131387.65429738131934
131883.45676642804756
132379.25923547477578
132875.06170452147489
133370.86417356820311
133866.66664261493133
134362.46911166165955
134858.27158070838777
135354.07404975508689
135849.87651880181511
136345.67898784854333
136841.48145689527155
137337.28392594197067
137833.08639498869888
138328.8888640354271
138824.69133308215532
139320.49380212888354
139816.29627117558266
140312.09874022231088
140807.9012092690391
141303.70367831576732
141799.50614736249554
142295.30861640919466
142791.11108545592288
143286.9135545026511
143782.71602354937932
144278.51849259607843
144774.32096164280665
145270.12343068953487
145765.92589973626309
146261.72836878299131
146757.53083782969043
147253.33330687641865
147749.13577592314687
148244.93824496987509
148740.74071401660331
149236.54318306330242
149732.34565211003064
150228.14812115675886
150723.95059020348708
151219.7530592501862
151715.55552829691442
152211.35799734364264
152707.16046639037086
153202.96293543709908
153698.76540448379819
154194.56787353052641
154690.37034257725463
155186.17281162398285
155681.97528067071107
156177.77774971741019
156673.58021876413841
157169.38268781086663
157665.18515685759485
158160.98762590429396
158656.79009495102218
159152.5925639977504
159648.39503304447862
160144.19750209120684
160639.99997113790596
161135.80244018463418
161631.6049092313624
162127.40737827809062
162623.20984732481884
163119.01231637151795
163614.81478541824617
164110.61725446497439
164606.41972351170261
165102.22219255840173
165598.02466160512995
166093.82713065185817
166589.62959969858639
167085.43206874531461
167581.23453779201373
168077.03700683874195
168572.83947588547016
169068.64194493219838
169564.4444139789266
170060.24688302562572
170556.04935207235394
171051.85182111908216
171547.65429016581038
172043.4567592125095
172539.25922825923772
173035.06169730596594
173530.86416635269416
174026.66663539942238
174522.46910444612149
175018.27157349284971
175514.07404253957793
176009.87651158630615
176505.67898063303437
177001.48144967973349
177497.28391872646171
177993.08638777318993
178488.88885681991815
178984.69132586661726
179480.49379491334548
179976.2962639600737
180472.09873300680192
180967.90120205353014
181463.70367110022926
181959.50614014695748
182455.3086091936857
182951.11107824041392
183446.91354728714214
183942.71601633384125
184438.51848538056947
184934.32095442729769
185430.12342347402591
185925.92589252072503
186421.72836156745325
186917.53083061418147
187413.33329966090969
187909.13576870763791
188404.93823775433702
188900.74070680106524
189396.54317584779346
189892.34564489452168
190388.1481139412499
190883.95058298794902
191379.75305203467724
191875.55552108140546
192371.35799012813368
192867.16045917483279
193362.96292822156101
193858.76539726828923
194354.56786631501745
194850.37033536174567
195346.17280440844479
195841.97527345517301
196337.77774250190123
196833.58021154862945
197329.38268059532857
197825.18514964205679
198320.98761868878501
198816.79008773551323
199312.59255678224145
199808.39502582894056
200304.19749487566878
200799.999963922397
201295.80243296912522
201791.60490201585344
202287.40737106255256
202783.20984010928078
203279.012309156009
203774.81477820273722
204270.61724724943633
204766.41971629616455
205262.22218534289277
205758.02465438962099
206253.82712343634921
206749.62959248304833
207245.43206152977655
207741.23453057650477
208237.03699962323299
208732.83946866996121
209228.64193771666032
209724.44440676338854
210220.24687581011676
210716.04934485684498
211211.8518139035441
211707.65428295027232
212203.45675199700054
212699.25922104372876
213195.06169009045698
213690.86415913715609
214186.66662818388431
214682.46909723061253
215178.27156627734075
215674.07403532406897
216169.87650437076809
216665.67897341749631
217161.48144246422453
217657.28391151095275
218153.08638055765186
218648.88884960438008
219144.6913186511083
219640.49378769783652
220136.29625674456474
220632.09872579126386
221127.90119483799208
221623.7036638847203
222119.50613293144852
222615.30860197817674
223111.11107102487586
223606.91354007160407
224102.71600911833229
224598.51847816506051
225094.32094721175963
225590.12341625848785
226085.92588530521607
226581.72835435194429
227077.53082339867251
227573.33329244537163
228069.13576149209985
228564.93823053882807
229060.74069958555629
229556.54316863228451
230052.34563767898362
230548.14810672571184
231043.95057577244006
231539.75304481916828
232035.5555138658674
232531.35798291259562
233027.16045195932384
233522.96292100605206
234018.76539005278028
234514.56785909947939
235010.37032814620761
235506.17279719293583
236001.97526623966405
236497.77773528639227
236993.58020433309139
237489.38267337981961
237985.18514242654783
238480.98761147327605
238976.79008051997516
239472.59254956670338
239968.3950186134316
240464.19748766015982
240959.99995670688804
241455.80242575358716
241951.60489480031538
242447.4073638470436
242943.20983289377182
243439.01230194050004
243934.81477098719915
244430.61724003392737
244926.41970908065559
245422.22217812738381
245918.02464717408293
246413.82711622081115
246909.62958526753937
247405.43205431426759
247901.23452336099581
248397.03699240769492
248892.83946145442314
249388.64193050115136
249884.44439954787958
250380.2468685946078
250876.04933764130692
251371.85180668803514
251867.65427573476336
252363.45674478149158
252859.2592138281907
614680.11486445809714
