0
45
90
135
180
225
270
315
360
405
450
495
540
585
630
675
720
765
810
855
900
945
990
1035
1080
1125
1170
1215
1260
1305
1350
1395
1440
1485
1530
1575
1620
1665
1710
1755
1800
1845
1890
1935
1980
2025
2070
2115
2160
2205
2250
2295
2340
2385
2430
2475
2520
2565
2610
2655
2700
2745
2790
2835
2880
2925
2970
3015
3060
3105
3150
3195
3240
3285
3330
3375
3420
3465
3510
3555
3600
3645
3690
3735
3780
3825
3870
3915
3960
4005
4050
4095
4140
4185
4230
4275
4320
4365
4410
4455
4500
4545
4590
4635
4680
4725
4770
4815
4860
4905
4950
4995
5040
5085
5130
5175
5220
5265
5310
5355
5400
5445
5490
5535
5580
5625
5670
5715
5760
5805
5850
5895
5940
5985
6030
6075
6120
6165
6210
6255
6300
6345
6390
6435
6480
6525
6570
6615
6660
6705
6750
6795
6840
6885
6930
6975
7020
7065
7110
7155
7200
7245
7290
7335
7380
7425
7470
7515
7560
7605
7650
7695
7740
7785
7830
7875
7920
7965
8010
8055
8100
8145
8190
8235
8280
8325
8370
8415
8460
8505
8550
8595
8640
8685
8730
8775
8820
8865
8910
8955
9000
9045
9090
9135
9180
9225
9270
9315
9360
9405
9450
9495
9540
9585
9630
9675
9720
9765
9810
9855
9900
9945
9990
10035
10080
10125
10170
10215
10260
10305
10350
10395
10440
10485
10530
10575
10620
10665
10710
10755
10800
10845
10890
10935
10980
11025
11070
11115
11160
11205
11250
11295
11340
11385
11430
11475
11520
11565
11610
11655
11700
11745
11790
11835
11880
11925
11970
12015
12060
12105
12150
12195
12240
12285
12330
12375
12420
12465
12510
12555
12600
12645
12690
12735
12780
12825
12870
12915
12960
13005
13050
13095
13140
13185
13230
13275
13320
13365
13410
13455
13500
13545
13590
13635
13680
13725
13770
13815
13860
13905
13950
13995
14040
14085
14130
14175
14220
14265
14310
14355
14400
14445
14490
14535
14580
14625
14670
14715
14760
14805
14850
14895
14940
14985
15030
15075
15120
15165
15210
15255
15300
15345
15390
15435
15480
15525
15570
15615
15660
15705
15750
15795
15840
15885
15930
15975
16020
16065
16110
16155
16200
16245
16290
16335
16380
16425
16470
16515
16560
16605
16650
16695
16740
16785
16830
16875
16920
16965
17010
17055
17100
17145
17190
17235
17280
17325
17370
17415
17460
17505
17550
17595
17640
17685
17730
17775
17820
17865
17910
17955
18000
18045
18090
18135
18180
18225
18270
18315
18360
18405
18450
18495
18540
18585
18630
18675
18720
18765
18810
18855
18900
18945
18990
19035
19080
19125
19170
19215
19260
19305
19350
19395
19440
19485
19530
19575
19620
19665
19710
19755
19800
19845
19890
19935
19980
20025
20070
20115
20160
20205
20250
20295
20340
20385
20430
20475
20520
20565
20610
20655
20700
20745
20790
20835
20880
20925
20970
21015
21060
21105
21150
21195
21240
21285
21330
21375
21420
21465
