0.388275
0
0
0
0
-0.185389
-0.813162
-1
-1.19891
-2
-2
-2
-2
-2
-2
-2
-1.75051
-1
-1
-1
-0.718636
-0.244483
-1.37064
-2.52527
-2.8779
-2.51039
-2.23917
-2.11273
-1.34853
-0.484458
0.441212
0.687246
0.209527
-0.303506
-0.499916
0.173645
-0.783041
-1.79355
-2.07175
-3.11694
-3.97469
-3.12094
-2.73955
-2.99894
-3.23359
-3
-3
-3
-3
-2.99277
-3
-3
-2.90378
-2.38875
-3
-3
-3
-3
-3
-2.80622
-2.20373
-2.21904
-2.23295
-2.23765
-2.29144
-2.47751
-2.97008
-3
-3
-2.71967
-2.34609
-2.87423
-3
-3.36429
-3.94947
-3.56952
-2.96565
-2.10153
-2
-2.33541
-2.69403
-2.95696
-3
-3
-3.21609
-3.95702
-3.65364
-3.88606
-4
-3.79815
-3.74483
-4
-3.92029
-3.95535
-3.99014
-3.68337
-3.94856
-4
-4
-3.7758
-3.57763
-3.65912
-3.84725
-3.77036
-3.83275
-4
-4.34412
-4.91855
-4.54798
-4
-4
-4
-4.21133
-4.42539
-4.09904
-4
-4
-3.82368
-3.77812
-3.10313
-3
-3
-3.66745
-3.72322
-3.04255
-3
-3
-3.17184
-3.17573
-3.62497
-3.71087
-3.99676
-4
-4
-3.53779
-3.64022
-3.17547
-3.00384
-3.76926
-4
-4
-4.45833
-4.3793
-4
-3.47734
-2.70783
-1.69531
-0.660622
-0.265952
0.572654
0.17375
-0.472777
-1.98257
-2.47567
-2.11226
-2.21428
-1.51288
-1.78641
-1.4691
-0.556651
0.0245099
0.404045
0.950545
0.836874
0.277681
-0.95525
-2.14485
-2.71496
-2.92768
-3
-3
-3.31406
-3.77524
-3.97446
-3.83985
-3.72695
-3.57309
-3.9198
-3.47425
-3.03194
-3
-2.85928
-2.18362
-1.31124
-0.924066
-1.49474
-2.68701
-3.7552
-3.75931
-3.50506
-3
-3
-3
-3.112
-3.43244
-3.36293
-3.05235
-3.31092
-3.5695
-3.82763
-4.00487
-4.31888
-3.38511
-2.94228
-3.36438
-3.9724
-4
-4
-3.9299
-3.42523
-3.163
-3.91604
-4
-4
-4
-4
-3.86534
-3.70562
-3.26661
-3.97094
-4
-4
-4.2363
-4.70453
-4.67096
-3.94014
-3.37156
-3.05505
-3.06133
-3
-2.95112
-3.55359
-4.52523
-4.84911
-4.85911
-4.53751
-4.73862
-4.926
-4.77158
-4.92171
-5
-5
-5
-5
-5
-5
-5
-4.67729
-4.01926
-4
-4
-4
-4
-3.44745
-3
-3.49121
-4
-4.2149
-4.66495
-4.51966
-4.01148
-3.85689
-3.54046
-3.86528
-3.22395
-3.00999
-3.48714
-3.62892
-3.48621
-3.57546
-3.62813
-4.55649
-4.51443
-4.4099
-4.27983
-3.94304
-3.0119
-3.14225
-4
-4.09336
-4.00613
-4
-4
-4
-4
-4.50157
-5
-5
-5
-5
-4.81503
-4
-4
-4
-4
-4.10309
-4.85475
-4.0236
-4
-3.2144
-3.66285
-4
-4
-4.16555
-4.9169
-5
-4.75116
-4.30457
-4.00031
-4.37605
-4.88269
-5
-5
-4.64767
-4
-4
-4
-4
-4.03883
-4.98507
-4.00342
-4
-4
-4
-4
-4
-4.59094
-5
-5
-5
-5
-5
-4.24134
-4
-4.30184
-4.80413
-4.84973
-4.89533
-4.94094
-4.98656
-5
-5
-5
-5
-5
-4.34662
-4
-4
-4
-4.15698
-4.18714
-4
-3.50697
-2.30769
-0.346135
-0.576832
-1.67979
-2.08597
-2.40355
-2.70388
-3.00072
-3.49255
-3.40183
-3.10615
-3.18952
-3.56419
-3.19432
-4.14875
-4.68579
-4.31043
-4.23847
-3.77135
-3.52827
-3.25409
-3.41714
-3.98158
-4.82835
-5
-4.63795
-3.51115
-3.01189
-3.70332
-3.83674
-4.22418
-4.62548
-4.69124
-4.40085
-4.15764
-4.23069
-4.632
-5.03331
-5.43463
-5.38333
-5
-5
-5.00877
-5
-5
-5
-5
-5
-5
-5.06201
-5.86738
-5
-5
-5
-5
-5
-4.69897
-4.06881
-4
-4
-3.72171
-3.88914
-3.98876
-3.55393
-3.1191
-2.84811
-2.77272
-3.18536
-3.62017
-4
-4.32704
-4.59462
-4.34284
-4.21024
-4.229
-4.58832
-4.09848
-3.46662
-3.03183
-3.40295
-3.86367
-3.91488
-3.5072
-3.42388
-3.57
-3.6097
-3.28868
-2.36827
-2.32024
-2.01908
-2
-2
-2.71845
-2.74579
-3.7494
-2.97725
-2.17976
-1.37868
-1.06438
-2.33631
-2.99677
-3.52921
-2.81999
-2.50281
-3.0374
-3.04025
-3.18608
-3.91512
-3.14399
-3
-3
-3
-3.80114
-3.38849
-3.08674
-3
-3
-3
-2.95643
-2.46829
-2.99976
-3.52457
-3.77671
-4
-4
-4
-3.86779
-3.11344
-3.50165
-4.10992
-3.78378
-3.61544
-3.23778
-3.4336
-3.92372
-4
-3.7336
-3.16422
-3
-3
-2.52886
-2
-2
-1.6624
-1.17196
-1.26612
-1.18338
-0.700622
-0.308517
-0.760772
-1
-1
-1.00592
-1.11194
-0.746076
0.0972577
0.480713
0.576203
0.671687
