0.388275
0.313009
0.237765
0.162563
0.087423
0.0123672
-0.0625838
-0.137409
-0.212088
-0.286599
-0.360922
-0.435035
-0.508917
-0.582548
-0.655907
-0.728973
-0.801724
-0.87414
-0.9462
-1.01788
-1.08917
-1.16003
-1.23046
-1.30042
-1.36991
-1.43889
-1.50734
-1.57526
-1.6426
-1.70936
-1.77551
-1.84104
-1.90591
-1.97011
-2.03363
-2.09643
-2.15849
-2.21981
-2.28034
-2.34008
-2.39901
-2.45709
-2.51432
-2.57067
-2.62612
-2.68064
-2.73422
-2.78684
-2.83847
-2.8891
-2.9387
-2.98726
-3.03474
-3.08115
-3.12647
-3.17069
-3.2138
-3.2558
-3.29668
-3.33643
-3.37504
-3.4125
-3.44881
-3.48395
-3.51792
-3.55071
-3.58231
-3.61271
-3.6419
-3.66988
-3.69664
-3.72216
-3.74645
-3.76949
-3.79127
-3.81178
-3.83103
-3.84899
-3.86566
-3.88103
-3.89509
-3.90784
-3.91927
-3.92936
-3.93811
-3.94551
-3.95156
-3.95624
-3.95954
-3.96147
-3.962
-3.96113
-3.95885
-3.95516
-3.95005
-3.9435
-3.9355
-3.92606
-3.91516
-3.9028
-3.88895
-3.87363
-3.85681
-3.8385
-3.81871
-3.79752
-3.77499
-3.7512
-3.72621
-3.7001
-3.67292
-3.64476
-3.61567
-3.58573
-3.55501
-3.52357
-3.49149
-3.45883
-3.42566
-3.39205
-3.35808
-3.3238
-3.28929
-3.25462
-3.21985
-3.18506
-3.15031
-3.11567
-3.08121
-3.04701
-3.01312
-2.97962
-2.94658
-2.91406
-2.88214
-2.85088
-2.82036
-2.79063
-2.76178
-2.73386
-2.70696
-2.68113
-2.65644
-2.63298
-2.61079
-2.58996
-2.57055
-2.55263
-2.53627
-2.52153
-2.5085
-2.49723
-2.4878
-2.48027
-2.47471
-2.47115
-2.46954
-2.46982
-2.4719
-2.47572
-2.48122
-2.48833
-2.49697
-2.50709
-2.51862
-2.53148
-2.54561
-2.56093
-2.5774
-2.59492
-2.61345
-2.63291
-2.65322
-2.67433
-2.69617
-2.71867
-2.74176
-2.76537
-2.78944
-2.81389
-2.83866
-2.86369
-2.8889
-2.91423
-2.9396
-2.96496
-2.99023
-3.01535
-3.04024
-3.06484
-3.08909
-3.11291
-3.13623
-3.159
-3.18113
-3.20257
-3.22325
-3.24309
-3.26203
-3.28001
-3.29695
-3.31278
-3.32745
-3.34087
-3.35299
-3.36374
-3.37306
-3.381
-3.38762
-3.39299
-3.39718
-3.40026
-3.4023
-3.40335
-3.4035
-3.40281
-3.40133
-3.39916
-3.39634
-3.39295
-3.38905
-3.38472
-3.38002
-3.37502
-3.36978
-3.36438
-3.35888
-3.35335
-3.34785
-3.34246
-3.33724
-3.33225
-3.32758
-3.32328
-3.31942
-3.31607
-3.3133
-3.31117
-3.30975
-3.30912
-3.30933
-3.31046
-3.31257
-3.31573
-3.32001
-3.32548
-3.33219
-3.34023
-3.34966
-3.36054
-3.37295
-3.38695
-3.40261
-3.41999
-3.43917
-3.46021
-3.48318
-3.50813
-3.53503
-3.56375
-3.59417
-3.62617
-3.65965
-3.69447
-3.73052
-3.76769
-3.80584
-3.84488
-3.88467
-3.9251
-3.96605
-4.00741
-4.04905
-4.09085
-4.13271
-4.17449
-4.21609
-4.25737
-4.29824
-4.33855
-4.37821
-4.41709
-4.45507
-4.49203
-4.52786
-4.56244
-4.59564
-4.62735
-4.65746
-4.68584
-4.71238
-4.73695
-4.75944
-4.77974
-4.79772
-4.81326
-4.82624
-4.83656
-4.84408
-4.8487
-4.85029
-4.84873
-4.84391
-4.83571
-4.82401
-4.80869
-4.78963
-4.76672
-4.73984
-4.709
-4.67437
-4.63613
-4.59446
-4.54953
-4.50154
-4.45066
-4.39707
-4.34094
-4.28247
-4.22183
-4.15921
-4.09477
-4.0287
-3.96119
-3.89241
-3.82254
-3.75176
-3.68026
-3.6082
-3.53579
-3.46318
-3.39057
-3.31813
-3.24604
-3.17449
-3.10366
-3.03371
-2.96485
-2.89723
-2.83105
-2.76649
-2.70372
-2.64293
-2.58429
-2.52799
-2.47421
-2.42312
-2.37491
-2.32975
-2.28783
-2.24933
-2.21443
-2.1833
-2.15613
-2.1331
-2.11439
-2.10018
-2.09064
-2.08596
-2.08632
-2.09182
-2.1023
-2.11759
-2.13752
-2.1619
-2.19055
-2.2233
-2.25996
-2.30036
-2.34431
-2.39164
-2.44217
-2.49571
-2.5521
-2.61114
-2.67267
-2.73649
-2.80244
-2.87033
-2.93999
-3.01123
-3.08387
-3.15774
-3.23265
-3.30844
-3.38491
-3.46188
-3.53919
-3.61665
-3.69407
-3.77129
-3.84812
-3.92439
-3.9999
-4.07449
-4.14798
-4.22018
-4.29092
-4.36001
-4.42728
-4.49255
-4.55564
-4.61637
-4.67456
-4.73003
-4.7826
-4.8321
-4.87833
-4.92114
-4.96032
-4.99571
-5.02716
-5.05468
-5.07835
-5.09824
-5.11444
-5.12702
-5.13606
-5.14164
-5.14384
-5.14273
-5.1384
-5.13091
-5.12036
-5.10681
-5.09034
-5.07104
-5.04898
-5.02423
-4.99688
-4.96701
-4.93469
-4.9
-4.86302
-4.82382
-4.78249
-4.7391
-4.69373
-4.64645
-4.59736
-4.54652
-4.49401
-4.4399
-4.38429
-4.32725
-4.26884
-4.20916
-4.14828
-4.08627
-4.02323
-3.95921
-3.89431
-3.82859
-3.76215
-3.69505
-3.62737
-3.55919
-3.4906
-3.42166
-3.35245
-3.28306
-3.21356
