0
45.2348
90.4697
135.705
180.939
226.174
271.409
316.644
361.879
407.114
452.348
497.583
542.818
588.053
633.288
678.523
723.757
768.992
814.227
859.462
904.697
949.932
995.166
1040.4
1085.64
1130.87
1176.11
1221.34
1266.58
1311.81
1357.05
1402.28
1447.51
1492.75
1537.98
1583.22
1628.45
1673.69
1718.92
1764.16
1809.39
1854.63
1899.86
1945.1
1990.33
2035.57
2080.8
2126.04
2171.27
2216.51
2261.74
2306.98
2352.21
2397.45
2442.68
2487.92
2533.15
2578.39
2623.62
2668.86
2714.09
2759.32
2804.56
2849.79
2895.03
2940.26
2985.5
3030.73
3075.97
3121.2
3166.44
3211.67
3256.91
3302.14
3347.38
3392.61
3437.85
3483.08
3528.32
3573.55
3618.79
3664.02
3709.26
3754.49
3799.73
3844.96
3890.2
3935.43
3980.67
4025.9
4071.14
4116.37
4161.6
4206.84
4252.07
4297.31
4342.54
4387.78
4433.01
4478.25
4523.48
4568.72
4613.95
4659.19
4704.42
4749.66
4794.89
4840.13
4885.36
4930.6
4975.83
5021.07
5066.3
5111.54
5156.77
5202.01
5247.24
5292.48
5337.71
5382.95
5428.18
5473.41
5518.65
5563.88
5609.12
5654.35
5699.59
5744.82
5790.06
5835.29
5880.53
5925.76
5971
6016.23
6061.47
6106.7
6151.94
6197.17
6242.41
6287.64
6332.88
6378.11
6423.35
6468.58
6513.82
6559.05
6604.29
6649.52
6694.76
6739.99
6785.23
6830.46
6875.69
6920.93
6966.16
7011.4
7056.63
7101.87
7147.1
7192.34
7237.57
7282.81
7328.04
7373.28
7418.51
7463.75
7508.98
7554.22
7599.45
7644.69
7689.92
7735.16
7780.39
7825.63
7870.86
7916.1
7961.33
8006.57
8051.8
8097.04
8142.27
8187.5
8232.74
8277.97
8323.21
8368.44
8413.68
8458.91
8504.15
8549.38
8594.62
8639.85
8685.09
8730.32
8775.56
8820.79
8866.03
8911.26
8956.5
9001.73
9046.97
9092.2
9137.44
9182.67
9227.91
9273.14
9318.38
9363.61
9408.85
9454.08
9499.32
9544.55
9589.78
9635.02
9680.25
9725.49
9770.72
9815.96
9861.19
9906.43
9951.66
9996.9
10042.1
10087.4
10132.6
10177.8
10223.1
10268.3
10313.5
10358.8
10404
10449.2
10494.5
10539.7
10585
10630.2
10675.4
10720.7
10765.9
10811.1
10856.4
10901.6
10946.8
10992.1
11037.3
11082.5
11127.8
11173
11218.2
11263.5
11308.7
11353.9
11399.2
11444.4
11489.6
11534.9
11580.1
11625.4
11670.6
11715.8
11761.1
11806.3
11851.5
11896.8
11942
11987.2
12032.5
12077.7
12122.9
12168.2
12213.4
12258.6
12303.9
12349.1
12394.3
12439.6
12484.8
12530
12575.3
12620.5
12665.8
12711
12756.2
12801.5
12846.7
12891.9
12937.2
12982.4
13027.6
13072.9
13118.1
13163.3
13208.6
13253.8
13299
13344.3
13389.5
13434.7
13480
13525.2
13570.5
13615.7
13660.9
13706.2
13751.4
13796.6
13841.9
13887.1
13932.3
13977.6
14022.8
14068
14113.3
14158.5
14203.7
14249
14294.2
14339.4
14384.7
14429.9
14475.1
14520.4
14565.6
14610.9
14656.1
14701.3
14746.6
14791.8
14837
14882.3
14927.5
14972.7
15018
15063.2
15108.4
15153.7
15198.9
15244.1
15289.4
15334.6
15379.8
15425.1
15470.3
15515.5
15560.8
15606
15651.3
15696.5
15741.7
15787
15832.2
15877.4
15922.7
15967.9
16013.1
16058.4
16103.6
16148.8
16194.1
16239.3
16284.5
16329.8
16375
16420.2
16465.5
16510.7
16555.9
16601.2
16646.4
16691.7
16736.9
16782.1
16827.4
16872.6
16917.8
16963.1
17008.3
17053.5
17098.8
17144
17189.2
17234.5
17279.7
17324.9
17370.2
17415.4
17460.6
17505.9
17551.1
17596.4
17641.6
17686.8
17732.1
17777.3
17822.5
17867.8
17913
17958.2
18003.5
18048.7
18093.9
18139.2
18184.4
18229.6
18274.9
18320.1
18365.3
18410.6
18455.8
18501
18546.3
18591.5
18636.8
18682
18727.2
18772.5
18817.7
18862.9
18908.2
18953.4
18998.6
19043.9
19089.1
19134.3
19179.6
19224.8
19270
19315.3
19360.5
19405.7
19451
19496.2
19541.4
19586.7
19631.9
19677.2
19722.4
19767.6
19812.9
19858.1
19903.3
19948.6
19993.8
20039
20084.3
20129.5
20174.7
20220
20265.2
20310.4
20355.7
20400.9
20446.1
20491.4
20536.6
20581.8
20627.1
20672.3
20717.6
20762.8
20808
20853.3
20898.5
20943.7
20989
21034.2
21079.4
21124.7
21169.9
21215.1
21260.4
21305.6
21350.8
21396.1
21441.3
21486.5
21531.8
21577
21622.3
21667.5
21712.7
21758
21803.2
21848.4
21893.7
21938.9
21984.1
22029.4
22074.6
22119.8
22165.1
22210.3
22255.5
22300.8
22346
22391.2
22436.5
22481.7
22526.9
22572.2
22617.4
22662.7
22707.9
22753.1
22798.4
22843.6
22888.8
22934.1
22979.3
23024.5
23069.8
23115
