0.388275
-523.278
-911.499
-1187.21
-1370.28
-1477.92
-1524.89
-1523.84
-1485.56
-1419.15
-1332.27
-1231.33
-1121.59
-1007.38
-892.163
-778.705
-669.145
-565.099
-467.739
-377.862
-295.953
-222.242
-156.749
-99.3288
-49.7028
-7.49328
27.7519
56.536
79.3954
96.8829
109.555
117.963
122.64
124.099
122.827
119.277
113.871
106.997
99.0041
90.2088
80.891
71.2969
61.6399
52.1024
42.8375
33.9712
25.6044
17.8151
10.6606
4.17945
-1.60609
-6.68833
-11.0721
-14.773
-17.8154
-20.2313
-22.0583
-23.3386
-24.1179
-24.4439
-24.3653
-23.9314
-23.1908
-22.1912
-20.9786
-19.5966
-18.0867
-16.4872
-14.8338
-13.1587
-11.4909
-9.85628
-8.27729
-6.7732
-5.36012
-4.05117
-2.85658
-1.78387
-0.838047
-0.0217861
0.664368
1.22179
1.65355
1.96425
2.15974
2.24699
2.23387
2.12893
1.9413
1.68043
1.35602
0.977831
0.555563
0.098745
-0.38337
-0.881901
-1.38841
-1.89499
-2.39428
-2.87955
-3.34471
-3.78434
-4.19371
-4.56877
-4.90616
-5.20318
-5.45781
-5.66864
-5.83488
-5.95631
-6.03323
-6.06648
-6.05729
-6.00737
-5.91875
-5.79381
-5.63518
-5.44574
-5.22855
-4.98683
-4.72387
-4.44306
-4.14778
-3.84142
-3.52731
-3.20873
-2.88881
-2.5706
-2.25698
-1.95064
-1.65411
-1.3697
-1.09952
-0.845449
-0.609143
-0.392027
-0.195292
-0.0199014
0.133412
0.264136
0.371976
0.456842
0.518845
0.558279
0.575615
0.571485
0.546669
0.502081
0.438752
0.35782
0.26051
0.148123
0.0220178
-0.116401
-0.265698
-0.424422
-0.591115
-0.76433
-0.942638
-1.12464
-1.30899
-1.49437
-1.67953
-1.8633
-2.04456
-2.22228
-2.39552
-2.5634
-2.72515
-2.88007
-3.02759
-3.16718
-3.29844
-3.42103
-3.53473
-3.63937
-3.73487
-3.82124
-3.89856
-3.96697
-4.02666
-4.07791
-4.12103
-4.15638
-4.18436
-4.20541
-4.21999
-4.22859
-4.23172
-4.22991
-4.22366
-4.21351
-4.19999
-4.18361
-4.16486
-4.14425
-4.12225
-4.09928
-4.07578
-4.05214
-4.02872
-4.00585
-3.98383
-3.96293
-3.94336
-3.92534
-3.90901
-3.89451
-3.88193
-3.87134
-3.86276
-3.8562
-3.85164
-3.84902
-3.84827
-3.84931
-3.85201
-3.85626
-3.86191
-3.86881
-3.8768
-3.88571
-3.89538
-3.90564
-3.91631
-3.92722
-3.93823
-3.94916
-3.95988
-3.97025
-3.98014
-3.98944
-3.99806
-4.0059
-4.0129
-4.019
-4.02417
-4.02837
-4.03159
-4.03384
-4.03513
-4.0355
-4.03498
-4.03363
-4.03151
-4.02868
-4.02523
-4.02124
-4.01679
-4.01198
-4.0069
-4.00163
-3.99626
-3.99089
-3.98559
-3.98045
-3.97552
-3.97087
-3.96655
-3.96262
-3.95909
-3.95599
-3.95333
-3.95112
-3.94934
-3.94797
-3.94697
-3.9463
-3.9459
-3.94572
-3.94568
-3.9457
-3.9457
-3.94559
-3.94527
-3.94465
-3.94363
-3.94212
-3.94004
-3.93728
-3.93378
-3.92944
-3.92423
-3.91806
-3.91091
-3.90275
-3.89355
-3.88333
-3.87208
-3.85985
-3.84669
-3.83266
-3.81785
-3.80236
-3.7863
-3.76981
-3.75305
-3.73617
-3.71935
-3.70279
-3.68667
-3.67122
-3.65664
-3.64314
-3.63094
-3.62027
-3.61132
-3.60431
-3.59943
-3.59686
-3.59677
-3.59931
-3.6046
-3.61275
-3.62384
-3.63791
-3.65499
-3.67507
-3.69809
-3.72398
-3.75262
-3.78386
-3.81751
-3.85333
-3.89108
-3.93045
-3.97112
-4.01272
-4.05488
-4.09718
-4.13918
-4.18044
-4.22049
-4.25886
-4.29508
-4.32867
-4.35918
-4.38615
-4.40915
-4.42778
-4.44168
-4.45052
-4.45401
-4.45193
-4.44412
-4.43045
-4.4109
-4.38551
-4.3544
-4.31776
-4.27588
-4.22913
-4.17797
-4.12294
-4.06468
-4.0039
-3.94139
-3.87803
-3.81475
-3.75255
-3.69247
-3.63562
-3.58311
-3.53607
-3.49565
-3.46297
-3.43913
-3.42517
-3.42207
-3.43073
-3.45194
-3.48636
-3.53452
-3.59676
-3.67327
-3.76401
-3.86873
-3.98694
-4.11792
-4.26065
-4.41388
-4.57606
-4.74537
-4.91969
-5.09666
-5.27361
-5.44767
-5.61569
-5.77434
-5.92012
-6.04937
-6.15834
-6.24324
-6.30028
-6.32577
-6.31611
-6.26796
-6.17824
-6.04429
-5.86389
-5.63539
-5.3578
-5.0309
-4.65534
-4.2327
-3.76564
-3.25796
-2.71471
-2.14223
-1.54827
-0.942
-0.334069
0.26338
0.836714
1.37084
1.84927
2.25419
2.56662
2.76658
2.83328
2.7454
2.4814
2.01993
1.34019
0.42248
-0.751268
-2.19685
-3.92712
-5.95119
-8.27366
-10.8937
-13.8039
-16.9899
-20.4283
-24.0866
-27.9213
-31.8772
-35.8862
-39.866
-43.7191
-47.3322
-50.5748
-53.299
-55.3387
-56.5097
-56.6098
-55.4191
-52.7018
-48.2069
-41.6716
-32.8237
-21.3865
-7.08368
10.3539
31.1802
55.6239
83.8769
116.08
152.308
192.547
236.675
284.437
335.41
388.974
444.27
500.154
555.152
607.394
654.554
693.778
721.597
733.837
725.515
690.724
622.502
512.691
351.774
128.702
