692.624
695.08
697.538
700.001
702.47
704.949
707.438
709.942
712.461
714.998
717.555
720.135
722.74
725.372
728.033
730.726
733.452
736.215
739.016
741.858
744.742
747.672
750.649
753.676
756.754
759.887
763.076
766.323
769.632
773.004
776.441
779.946
783.521
787.168
790.889
794.687
798.559
802.506
806.526
810.617
814.779
819.01
823.309
827.674
832.105
836.6
841.158
845.777
850.457
855.196
859.993
864.846
869.755
874.718
879.734
884.801
889.919
895.086
900.301
905.563
910.87
916.221
921.615
927.051
932.528
938.043
943.596
949.186
954.812
960.471
966.164
971.89
977.646
983.434
989.251
995.096
1000.97
1006.87
1012.8
1018.75
1024.72
1030.72
1036.74
1042.78
1048.84
1054.92
1061.02
1067.14
1073.27
1079.42
1085.59
1091.77
1097.96
1104.16
1110.37
1116.6
1122.83
1129.07
1135.32
1141.58
1147.84
1154.11
1160.38
1166.65
1172.92
1179.2
1185.49
1191.77
1198.07
1204.36
1210.66
1216.97
1223.28
1229.6
1235.93
1242.26
1248.6
1254.94
1261.3
1267.66
1274.03
1280.41
1286.8
1293.19
1299.6
1306.02
1312.44
1318.88
1325.33
1331.79
1338.26
1344.74
1351.24
1357.75
1364.27
1370.8
1377.34
1383.9
1390.47
1397.05
1403.63
1410.22
1416.8
1423.38
1429.95
1436.52
1443.07
1449.6
1456.12
1462.62
1469.09
1475.53
1481.95
1488.33
1494.68
1500.98
1507.25
1513.47
1519.65
1525.77
1531.85
1537.86
1543.82
1549.72
1555.55
1561.32
1567.01
1572.63
1578.18
1583.65
1589.03
1594.34
1599.56
1604.7
1609.77
1614.77
1619.7
1624.57
1629.38
1634.13
1638.82
1643.46
1648.06
1652.61
1657.11
1661.58
1666.02
1670.42
1674.79
1679.14
1683.46
1687.76
1692.05
1696.33
1700.59
1704.85
1709.11
1713.36
1717.62
1721.89
1726.17
1730.45
1734.76
1739.08
1743.43
1747.8
1752.2
1756.62
1761.07
1765.55
1770.05
1774.58
1779.15
1783.73
1788.35
1793
1797.68
1802.38
1807.12
1811.89
1816.69
1821.52
1826.39
1831.28
1836.22
1841.18
1846.18
1851.21
1856.27
1861.38
1866.51
1871.69
1876.89
1882.14
1887.42
1892.74
1898.1
1903.5
1908.93
1914.41
1919.92
1925.47
1931.06
1936.68
1942.34
1948.04
1953.77
1959.53
1965.33
1971.16
1977.02
1982.91
1988.84
1994.79
2000.77
2006.79
2012.83
2018.9
2024.99
2031.12
2037.26
2043.44
2049.64
2055.86
2062.1
2068.37
2074.66
2080.98
2087.31
2093.66
2100.04
2106.43
2112.84
2119.27
2125.71
2132.17
2138.65
2145.15
2151.66
2158.18
2164.72
2171.27
2177.84
2184.41
2191
2197.6
2204.22
2210.84
2217.47
2224.11
2230.76
2237.42
2244.09
2250.76
2257.44
2264.13
2270.82
2277.52
2284.22
2290.93
2297.64
2304.35
2311.07
2317.78
2324.5
2331.22
