467.691
467.444
467.2
466.962
466.735
466.521
466.325
466.148
465.995
465.869
465.773
465.711
465.687
465.702
465.762
465.869
466.026
466.238
466.506
466.836
467.229
467.69
468.222
468.829
469.512
470.277
471.126
472.061
473.076
474.163
475.317
476.528
477.791
479.098
480.442
481.815
483.21
484.621
486.039
487.458
488.871
490.27
491.647
492.997
494.311
495.583
496.804
497.969
499.069
500.098
501.048
501.912
502.683
503.356
503.936
504.429
504.84
505.175
505.44
505.642
505.785
505.876
505.921
505.925
505.895
505.836
505.754
505.655
505.545
505.43
505.316
505.208
505.113
505.036
504.983
504.96
504.973
505.028
505.131
505.285
505.489
505.741
506.039
506.379
506.759
507.178
507.632
508.119
508.637
509.183
509.755
510.351
510.967
511.603
512.254
512.919
513.596
514.282
514.974
515.67
516.369
517.066
517.76
518.449
519.13
519.802
520.471
521.142
521.82
522.511
523.221
523.954
524.716
525.513
526.35
527.232
528.166
529.156
530.208
531.327
532.519
533.789
535.143
536.586
538.124
539.762
541.505
543.359
545.33
547.423
549.643
551.99
554.452
557.014
559.663
562.385
565.166
567.991
570.848
573.721
576.598
579.463
582.304
585.106
587.855
590.538
593.139
595.646
598.045
600.321
602.46
604.45
606.274
607.921
609.375
610.623
611.651
612.459
613.077
613.534
613.863
614.094
614.258
614.388
614.513
614.665
614.876
615.176
615.597
616.17
616.926
617.896
619.111
620.603
622.403
624.542
627.051
629.961
633.303
637.11
641.411
646.238
651.622
657.565
664.022
670.941
678.274
685.969
693.977
702.247
710.729
719.373
728.128
736.945
745.773
754.562
763.262
771.822
780.192
788.322
796.163
803.662
810.772
817.44
823.617
829.253
834.297
838.7
842.411
845.414
847.74
849.424
850.501
851.007
850.976
850.445
849.449
848.022
846.2
844.018
841.512
838.717
835.668
832.4
828.948
825.349
821.636
817.846
814.014
810.175
806.364
802.616
798.967
795.452
792.105
788.942
785.947
783.105
780.401
777.819
775.342
772.956
770.644
768.391
766.182
763.999
761.829
759.654
757.46
755.23
752.95
750.602
748.172
745.644
743.002
740.23
737.312
734.234
730.979
727.531
723.875
720.016
715.977
711.785
707.467
703.048
698.556
694.017
689.456
684.901
680.378
675.913
671.532
667.263
663.13
659.162
655.383
651.821
648.501
645.451
642.696
640.264
638.179
636.47
635.161
634.28
633.851
633.877
634.332
635.19
636.426
638.013
639.927
642.14
644.627
647.362
650.319
653.473
656.798
660.266
663.854
667.535
671.282
675.071
678.874
682.667
686.424
690.118
693.724
697.215
700.567
703.752
706.747
709.536
712.12
714.495
716.661
718.616
720.359
721.889
723.203
724.3
725.179
725.838
726.277
726.492
726.484
726.25
725.79
725.101
724.181
723.031
721.648
720.03
718.177
716.086
713.757
711.187
708.377
705.333
702.074
698.614
694.97
691.159
687.197
683.101
678.887
674.571
670.17
665.701
661.179
656.622
652.045
647.465
642.898
638.362
633.871
629.444
625.095
620.843
616.702
612.69
608.822
605.116
601.587
598.238
595.063
592.056
589.21
586.52
583.978
581.58
579.317
577.185
575.177
573.286
571.506
569.832
568.256
566.773
565.376
564.059
562.815
561.639
560.524
559.464
558.452
557.483
556.55
555.646
554.766
553.906
553.064
552.238
551.426
550.627
549.837
549.056
548.281
547.511
546.743
545.975
545.206
544.433
543.655
542.87
542.075
541.269
540.45
539.615
538.764
537.893
537.001
536.086
535.146
534.179
533.184
532.163
531.122
530.067
529.002
527.933
526.866
525.807
524.76
523.732
522.727
521.752
520.812
519.911
519.057
518.254
517.507
516.823
516.206
515.663
515.198
514.817
514.527
514.331
514.236
514.247
514.369
514.597
514.92
515.33
515.816
516.369
516.978
517.634
518.328
519.049
519.787
520.532
521.276
522.007
522.717
523.395
524.032
524.617
525.141
525.594
525.967
526.249
526.43
526.501
526.453
526.274
525.957
525.503
524.916
524.203
523.369
522.419
521.359
520.195
518.931
517.573
516.127
514.598
512.991
511.313
509.568
507.762
505.901
503.989
502.033
500.037
498.008
495.951
493.871
491.773
489.664
487.548
