0
83.0607
166.121
249.182
332.243
415.303
498.364
581.425
664.485
747.546
830.607
913.667
996.728
1079.79
1162.85
1245.91
1328.97
1412.03
1495.09
1578.15
1661.21
1744.27
1827.33
1910.4
1993.46
2076.52
2159.58
2242.64
2325.7
2408.76
2491.82
2574.88
2657.94
2741
2824.06
2907.12
2990.18
3073.24
3156.31
3239.37
3322.43
3405.49
3488.55
3571.61
3654.67
3737.73
3820.79
3903.85
3986.91
4069.97
4153.03
4236.09
4319.15
4402.22
4485.28
4568.34
4651.4
4734.46
4817.52
4900.58
4983.64
5066.7
5149.76
5232.82
5315.88
5398.94
5482
5565.06
5648.13
5731.19
5814.25
5897.31
5980.37
6063.43
6146.49
6229.55
6312.61
6395.67
6478.73
6561.79
6644.85
6727.91
6810.97
6894.04
6977.1
7060.16
7143.22
7226.28
7309.34
7392.4
7475.46
7558.52
7641.58
7724.64
7807.7
7890.76
7973.82
8056.88
8139.95
8223.01
8306.07
8389.13
8472.19
8555.25
8638.31
8721.37
8804.43
8887.49
8970.55
9053.61
9136.67
9219.73
9302.79
9385.86
9468.92
9551.98
9635.04
9718.1
9801.16
9884.22
9967.28
10050.3
10133.4
10216.5
10299.5
10382.6
10465.6
10548.7
10631.8
10714.8
10797.9
10880.9
10964
11047.1
11130.1
11213.2
11296.3
11379.3
11462.4
11545.4
11628.5
11711.6
11794.6
11877.7
11960.7
12043.8
12126.9
12209.9
12293
12376
12459.1
12542.2
12625.2
12708.3
12791.3
12874.4
12957.5
13040.5
13123.6
13206.6
13289.7
13372.8
13455.8
13538.9
13621.9
13705
13788.1
13871.1
13954.2
14037.3
14120.3
14203.4
14286.4
14369.5
14452.6
14535.6
14618.7
14701.7
14784.8
14867.9
14950.9
15034
15117
15200.1
15283.2
15366.2
15449.3
15532.3
15615.4
15698.5
15781.5
15864.6
15947.6
16030.7
16113.8
16196.8
16279.9
16363
16446
16529.1
16612.1
16695.2
16778.3
16861.3
16944.4
17027.4
17110.5
17193.6
17276.6
17359.7
17442.7
17525.8
17608.9
17691.9
17775
17858
17941.1
18024.2
18107.2
18190.3
18273.3
18356.4
18439.5
18522.5
18605.6
18688.6
18771.7
18854.8
18937.8
19020.9
19104
19187
19270.1
19353.1
19436.2
19519.3
19602.3
19685.4
19768.4
19851.5
19934.6
20017.6
20100.7
20183.7
20266.8
20349.9
20432.9
20516
20599
20682.1
20765.2
20848.2
20931.3
21014.3
21097.4
21180.5
21263.5
21346.6
21429.7
21512.7
21595.8
21678.8
21761.9
21845
21928
22011.1
22094.1
22177.2
22260.3
22343.3
22426.4
22509.4
22592.5
22675.6
22758.6
22841.7
22924.7
23007.8
23090.9
23173.9
23257
23340
23423.1
23506.2
23589.2
23672.3
23755.4
23838.4
23921.5
24004.5
24087.6
24170.7
24253.7
24336.8
24419.8
24502.9
24586
24669
24752.1
24835.1
24918.2
25001.3
25084.3
25167.4
25250.4
25333.5
25416.6
25499.6
25582.7
25665.7
25748.8
25831.9
25914.9
25998
26081
26164.1
26247.2
26330.2
26413.3
26496.4
26579.4
26662.5
26745.5
26828.6
26911.7
26994.7
27077.8
27160.8
27243.9
27327
27410
27493.1
27576.1
27659.2
27742.3
27825.3
27908.4
27991.4
28074.5
28157.6
28240.6
28323.7
28406.7
28489.8
28572.9
28655.9
28739
28822.1
28905.1
28988.2
29071.2
29154.3
29237.4
29320.4
29403.5
29486.5
29569.6
29652.7
29735.7
29818.8
29901.8
29984.9
30068
30151
30234.1
30317.1
30400.2
30483.3
30566.3
30649.4
30732.4
30815.5
30898.6
30981.6
31064.7
31147.7
31230.8
31313.9
31396.9
31480
31563.1
31646.1
31729.2
31812.2
31895.3
31978.4
32061.4
32144.5
32227.5
32310.6
32393.7
32476.7
32559.8
32642.8
32725.9
32809
32892
32975.1
33058.1
33141.2
33224.3
33307.3
33390.4
33473.4
33556.5
33639.6
33722.6
33805.7
33888.8
33971.8
34054.9
34137.9
34221
34304.1
34387.1
34470.2
34553.2
34636.3
34719.4
34802.4
34885.5
34968.5
35051.6
35134.7
35217.7
35300.8
35383.8
35466.9
35550
35633
35716.1
35799.1
35882.2
35965.3
36048.3
36131.4
36214.5
36297.5
36380.6
36463.6
36546.7
36629.8
36712.8
36795.9
36878.9
36962
37045.1
37128.1
37211.2
37294.2
37377.3
37460.4
37543.4
37626.5
37709.5
37792.6
37875.7
37958.7
38041.8
38124.8
38207.9
38291
38374
38457.1
38540.1
38623.2
38706.3
38789.3
38872.4
38955.5
39038.5
39121.6
39204.6
39287.7
39370.8
39453.8
39536.9
39619.9
39703
39786.1
39869.1
39952.2
40035.2
40118.3
40201.4
40284.4
40367.5
40450.5
40533.6
40616.7
40699.7
40782.8
40865.8
40948.9
41032
41115
41198.1
41281.2
41364.2
41447.3
41530.3
41613.4
41696.5
41779.5
41862.6
41945.6
42028.7
42111.8
42194.8
42277.9
42360.9
42444
