467.691
467.818
467.946
468.077
468.211
468.35
468.495
468.647
468.808
468.978
469.159
469.352
469.559
469.779
470.016
470.269
470.541
470.832
471.143
471.476
471.832
472.212
472.617
473.049
473.509
473.997
474.516
475.066
475.648
476.264
476.915
477.603
478.328
479.091
479.894
480.738
481.624
482.55
483.513
484.51
485.537
486.592
487.67
488.769
489.885
491.015
492.155
493.303
494.456
495.609
496.759
497.904
499.04
500.163
501.271
502.36
503.427
504.469
505.481
506.462
507.408
508.314
509.179
509.999
510.771
511.49
512.155
512.762
513.306
513.786
514.198
514.539
514.808
515.011
515.153
515.24
515.275
515.265
515.214
515.127
515.01
514.869
514.707
514.53
514.343
514.152
513.961
513.776
513.601
513.442
513.305
513.193
513.113
513.069
513.066
513.111
513.207
513.359
513.574
513.856
514.211
514.643
515.157
515.759
516.454
517.247
518.143
519.144
520.247
521.445
522.733
524.104
525.552
527.073
528.659
530.305
532.004
533.752
535.542
537.368
539.224
541.105
543.004
544.916
546.835
548.754
550.668
552.57
554.456
556.319
558.153
559.953
561.711
563.423
565.083
566.684
568.221
569.688
571.079
572.387
573.608
574.735
575.763
576.7
577.557
578.345
579.077
579.763
580.417
581.048
581.669
582.291
582.927
583.587
584.284
585.029
585.833
586.709
587.668
588.721
589.881
591.159
592.566
594.114
595.815
597.681
599.722
601.952
604.381
607.021
609.883
612.98
616.323
619.924
623.793
627.944
632.387
637.134
642.18
647.506
653.092
658.916
664.96
671.203
677.624
684.203
690.921
697.756
704.689
711.699
718.766
725.87
732.991
740.108
747.201
754.25
761.234
768.134
774.929
781.599
788.123
794.482
800.655
806.622
812.362
817.856
823.083
828.023
832.655
836.96
840.917
844.506
847.706
850.507
852.914
854.938
856.588
857.875
858.807
859.394
859.647
859.574
859.186
858.492
857.501
856.224
854.671
852.85
850.772
848.446
845.882
843.09
840.079
836.859
833.44
829.831
826.042
822.084
817.964
813.694
809.282
804.739
800.074
795.298
790.418
785.446
780.391
775.263
770.071
764.827
759.542
754.227
748.894
743.554
738.22
732.901
727.61
722.358
717.157
712.018
706.952
701.97
697.085
692.308
687.65
683.122
678.737
674.505
670.437
666.546
662.843
659.339
656.045
652.974
650.136
647.543
645.206
643.137
641.347
639.848
638.651
637.767
637.209
636.986
637.093
637.513
638.23
639.224
640.48
641.98
643.706
645.64
647.767
650.067
652.524
655.12
657.838
660.661
663.57
666.549
669.581
672.647
675.731
678.814
681.88
684.912
687.891
690.801
693.624
696.342
698.939
701.396
703.697
705.823
707.758
709.485
710.985
712.242
713.237
713.964
714.428
714.64
714.607
714.34
713.846
713.134
712.215
711.095
709.785
708.293
706.628
704.799
702.815
700.684
698.416
696.02
693.504
690.877
688.149
685.327
682.422
679.441
676.394
673.29
670.137
666.945
663.722
660.477
657.219
653.957
650.7
647.457
644.236
641.047
637.897
634.788
631.72
628.693
625.708
622.766
619.865
617.008
614.193
611.422
608.695
606.011
603.373
600.778
598.229
595.726
593.268
590.855
588.49
586.171
583.899
581.674
579.497
577.368
575.287
573.255
571.272
569.338
567.453
565.619
563.835
562.101
560.418
558.787
557.207
555.679
554.202
552.774
551.394
550.062
548.774
547.531
546.329
545.169
544.049
542.966
541.921
540.91
539.934
538.99
538.077
537.194
536.339
535.51
534.707
533.928
533.172
532.436
531.72
531.022
530.341
529.676
529.024
528.385
527.757
527.139
526.529
525.925
525.328
524.734
524.142
523.553
522.964
522.378
521.793
521.21
520.628
520.048
519.469
518.891
518.315
517.74
517.167
516.595
516.024
515.454
514.886
514.319
513.752
513.187
512.624
512.061
511.499
510.938
510.378
509.82
509.262
508.705
508.148
507.593
507.038
506.485
505.931
505.379
504.827
504.276
503.726
503.176
502.627
502.078
501.53
500.982
500.435
499.888
499.342
498.796
498.251
497.706
497.162
496.618
496.074
495.531
494.988
494.445
493.903
493.361
492.819
492.277
491.736
491.195
490.654
490.113
489.572
489.032
488.492
487.951
487.411
486.871
486.331
485.791
485.251
