467.691
-26.3222
-439.375
-779.743
-1055.07
-1272.41
-1438.25
-1558.56
-1638.83
-1684.07
-1698.88
-1687.44
-1653.57
-1600.74
-1532.08
-1450.43
-1358.34
-1258.1
-1151.76
-1041.15
-927.883
-813.377
-698.883
-585.485
-474.12
-365.585
-260.557
-159.594
-63.1544
28.3984
114.786
195.806
271.323
341.266
405.614
464.398
517.688
565.591
608.248
645.824
678.508
706.508
730.048
749.362
764.694
776.296
784.421
789.326
791.266
790.497
787.267
781.823
774.404
765.242
754.562
742.579
729.5
715.52
700.825
685.591
669.982
654.151
638.242
622.386
606.704
591.305
576.29
561.747
547.755
534.385
521.695
509.738
498.555
488.181
478.642
469.956
462.136
455.186
449.107
443.891
439.527
435.999
433.286
431.362
430.2
429.768
430.031
430.955
432.498
434.623
437.286
440.446
444.06
448.083
452.472
457.183
462.173
467.4
472.822
478.398
484.088
489.854
495.659
501.468
507.248
512.967
518.595
524.105
529.471
534.669
539.678
544.478
549.053
553.387
557.468
561.285
564.829
568.094
571.075
573.769
576.177
578.298
580.136
581.697
582.984
584.008
584.776
585.3
585.591
585.662
585.527
585.201
584.7
584.04
583.239
582.314
581.284
580.167
578.982
577.748
576.484
575.21
573.944
572.705
571.511
570.382
569.333
568.384
567.55
566.847
566.291
565.897
565.677
565.646
565.816
566.197
566.799
567.633
568.706
570.025
571.596
573.425
575.515
577.869
580.489
583.375
586.528
589.945
593.625
597.563
601.755
606.195
610.877
615.794
620.937
626.296
631.861
637.623
643.568
649.685
655.961
662.382
668.934
675.602
682.372
689.226
696.151
703.129
710.144
717.179
724.218
731.244
738.239
745.188
752.072
758.876
765.584
772.178
778.643
784.963
791.123
797.109
802.905
808.499
813.876
819.024
823.931
828.586
832.978
837.096
840.932
844.477
847.723
850.663
853.292
855.605
857.596
859.262
860.601
861.611
862.292
862.643
862.664
862.359
861.73
860.779
859.512
857.934
856.051
853.869
851.397
848.641
845.612
842.32
838.774
834.985
830.966
826.727
822.283
817.646
812.83
807.849
802.717
797.449
792.059
786.564
780.979
775.319
769.599
763.837
758.046
752.244
746.445
740.666
734.921
729.226
723.595
718.044
712.586
707.235
702.004
696.908
691.957
687.165
682.542
678.099
673.847
669.794
665.95
662.323
658.92
655.748
652.813
650.119
647.671
645.473
643.526
641.833
640.395
639.212
638.283
637.606
637.18
637
637.063
637.364
637.898
638.657
639.635
640.824
642.216
643.8
645.568
647.509
649.611
651.863
654.253
656.768
659.395
662.121
664.931
667.813
670.751
673.731
676.738
679.758
682.775
685.775
688.742
691.663
694.522
697.304
699.997
702.585
705.056
707.395
709.591
711.631
713.504
715.198
716.703
718.009
719.107
719.988
720.646
721.072
721.262
721.21
720.912
720.364
719.566
718.514
717.209
715.652
713.844
711.788
709.487
706.946
704.171
701.168
697.945
694.51
690.873
687.045
683.035
678.858
674.525
670.049
665.446
660.731
655.918
651.025
646.067
641.062
636.027
630.981
625.94
620.924
615.95
611.037
606.202
601.464
596.84
592.348
588.005
583.826
579.828
576.025
572.433
569.064
565.931
563.044
560.415
558.053
555.965
554.157
552.634
551.4
550.457
549.805
549.441
549.364
549.567
550.045
550.788
551.785
553.025
554.492
556.172
558.044
560.091
562.289
564.616
567.045
569.551
572.106
574.678
577.237
579.751
582.186
584.507
586.68
588.668
590.436
591.946
593.162
594.049
594.569
594.688
594.371
593.586
592.302
590.488
588.118
585.166
581.611
577.433
572.617
567.151
561.029
554.248
546.809
538.72
529.995
520.652
510.716
500.222
489.206
477.716
465.807
453.539
440.984
428.22
415.333
402.42
389.585
376.941
364.61
352.723
341.42
330.848
321.163
312.53
305.119
299.108
294.683
292.032
291.35
292.834
296.685
303.104
312.291
324.446
339.762
358.428
380.626
406.523
436.278
470.03
507.898
549.981
596.347
647.036
702.052
761.355
824.865
892.445
963.904
1038.99
1117.37
1198.64
1282.31
1367.79
1454.4
1541.33
1627.66
1712.32
1794.1
1871.64
1943.41
2007.67
2062.51
2105.79
2135.13
2147.91
2141.26
2111.98
2056.61
1971.33
1851.98
1694.03
1492.52
1242.11
936.976
570.81
