467.69140620000001718
469.03939819999999372
471.0232543999999848
473.57174680000002809
476.67404169999997521
472.64691160000000991
470.51361079999998083
473.34622189999998909
476.70590210000000297
479.12677000000002181
479.75769040000000132
478.82510380000002215
476.90258790000001454
475.9329834000000119
475.38418580000001157
474.87722780000001421
474
473.99655150000000958
472.30929570000000695
471.65454099999999471
471.47528080000000728
471.10772709999997687
471.01721190000000661
471.8093872000000033
472
471.08734129999999141
472.18502810000001091
473.38934330000000728
475.40921020000001818
475.9253540000000271
476.14648440000001983
478.28765870000000859
478.92117309999997588
480.53314210000002049
481
481.08737180000002809
481.9645080999999891
482.14462279999997918
482.69711300000000165
484.63726809999997158
486.21292110000001685
489.14682010000001355
490.95227049999999736
491.67352290000002313
492.74392699999998513
494.12768549999998413
495.00576780000000099
496.41629030000001421
498.71313479999997753
500.35534669999998414
502.61965939999998909
504.9692077999999924
505.15991209999998546
505.34021000000001322
505.5513915999999881
504.82952879999999141
507.05603029999997489
509.82797240000002148
510.72183230000001686
512.18011469999999008
513.68640140000002248
517.79742429999998876
522.02807619999998678
526.33270259999994778
528.66973880000000463
527.88220209999997223
525.12371829999995043
520.30780030000005354
514.41174320000004627
509.65777589999999009
512.78222659999994448
514.09747310000000198
511.75674440000000232
507.57272339999997257
506.29107670000001917
505.11447140000001355
504.92364500000002181
503.87329099999999471
500.12820429999999305
499.7222290000000271
501.02642819999999801
502.51321410000002743
502.66638180000001057
502.84057619999998678
504.79455569999998943
506.66928100000001223
508.36224370000002182
509.97460940000001983
511.38757320000001982
513.40985109999996894
514.35858150000001388
514.32794190000004164
512.08197020000000066
511.13415529999997489
511.52941889999999603
513.07623290000003635
513.49859619999995175
514.55029300000001058
516.81359859999997752
519.07989499999996497
519.01184079999995902
517.47363280000001851
518.05035399999997026
518.66033939999999802
519.90509029999998347
519.53356929999995373
521.9774169999999458
524.50994869999999537
524.22589110000001256
526.09875490000001719
527.78692630000000463
528.46887209999999868
529.28338619999999537
529.3942871000000423
529.91156009999997423
530.86584470000002511
531.31457520000003569
532.98815920000004098
536.75805660000003172
541.52899170000000595
545.32202150000000529
547.62060550000001058
547.95117189999996299
547
547.5694580000000542
549.14849849999995968
550.70745850000002974
551.35235599999998612
550.11566159999995307
549.33319089999997686
549.68762209999999868
551.2803955000000542
554.55456540000000132
560.67871090000005552
565.66558840000004693
569.87390140000002248
574.95159909999995307
575.82861330000002908
576.57800290000000132
578.55670169999996233
579.80413820000001124
581.39440920000004098
584.74719240000001719
588.97833249999996497
591.24383539999996628
592.91809079999995902
596.5435790999999881
601.01715090000004693
604.02386469999999008
607.51098630000001322
611.40393070000004627
612.9576415999999881
616.29174799999998413
620.51116939999997157
624.52081299999997555
628.09954830000003767
632.48944089999997686
634.91571039999996628
635.60717769999996563
634.70733640000003106
634.10247800000001916
632.61218259999998281
631.8034668000000238
629.23846439999999802
627.99835210000003372
628.72637940000004164
632.95263669999997092
633.99871829999995043
632.71984859999997752
633.92980959999999868
634.74090579999995043
636.81426999999996497
640.86914060000003701
643.48016359999996894
646.42175290000000132
649.92059329999995043
655.79345699999998942
661.38458249999996497
667.34661870000002182
673.98992920000000595
680.35461429999998018
688.63226320000001124
698.90545650000001388
709.45703119999996034
718.56781009999997423
724.91802979999999934
729.12268070000004627
742.70977779999998347
750.85266109999997752
760.97808840000004693
770.65185550000001058
782.53314209999996365
794.17871090000005552
808.26391599999999471
821.45611570000005486
830.69134520000000066
834.00183110000000397
832.37194820000001982
834.56744379999997818
840.22064209999996365
841.19976810000002843
840.80487059999995836
843.78424070000005486
845.87384029999998347
847.11260990000005222
844.0197753999999577
846.81481929999995373
852.67053220000002511
855.93060300000001916
857.66217040000003635
860.9362793000000238
862.59918210000000727
862.46569820000001982
861.77239989999998215
855.45843509999997423
846.23535159999994448
839.23077390000003106
833.9720459000000119
828.32971190000000661
821.52191159999995307
815.07965090000004693
807.54510500000003503
802.25512700000001587
798.85504149999997026
797.38220209999997223
793.39471439999999802
791.73443599999995968
791.27227779999998347
789.54986570000005486
786.6715087999999696
784.19549559999995836
781.60009769999999207
780.59423830000002908
783.22668459999999868
780.75885010000001785
775.03479000000004362
772.57537839999997686
773.75860599999998612
774.71807860000001256
774.33624269999995704
769.94866939999997157
764.29077150000000529
757.05310059999999339
750.3873290999999881
744.17584229999999934
738.96667479999996431
735.86181639999995241
734.18530269999996563
731.828125
729.22991939999997157
725.49334720000001653
720.72515869999995175
711.64019780000000992
706.89776610000001256
708.96411130000001322
707.45458980000000793
705.58892820000005486
703.20050049999997555
694.55328369999995175
690.36334229999999934
687.99359130000004825
686.38262940000004164
686.55224610000004759
688.40881349999995109
686.17919919999997092
681.34472659999994448
677.30560300000001916
671.10601810000002843
661.30651860000000397
654.94061280000005354
648.33404540000003635
642.00860599999998612
637.0772705000000542
636.77819820000001982
634.64404300000001058
633.99871829999995043
633.97674559999995836
632.96435550000001058
632.92761229999996431
633.13354489999994712
633.95281980000004296
633.94152829999995902
635.49615479999999934
636.85791019999999207
638.3161621000000423
644.3355712999999696
650.65307619999998678
657.76708980000000793
664.59680179999998018
675.27722170000004098
679.74554439999997157
683.11486820000004627
687.52264400000001388
687.70184329999995043
686.12261960000000727
686.99786380000000463
689.01434329999995043
691.13110349999999471
698.05487059999995836
704.77197269999999207
705.20739749999995638
709.49981690000004164
712.13250730000004296
713.29541019999999207
714.23669429999995373
710.37390140000002248
712.97351070000001982
716.66015619999996034
723.50585939999996299
728.41143799999997555
730.26397710000003372
731.3034668000000238
730.43487549999997555
731.35662839999997686
732.42010500000003503
731.50219730000003437
731.02734380000003966
729.32519530000001851
728.43060300000001916
727.43688959999997223
731.07855219999999008
732.75982669999996233
729.11297609999996894
724.22424320000004627
716.3425293000000238
709.99725339999997686
704.93719480000004296
696.61798099999998612
691.87017820000005486
686.79431150000004891
679.22930910000002314
675.61614989999998215
668.19366460000003372
665.69909670000004098
662.89135739999994712
660.86297609999996894
659.37432860000001256
656.57983400000000529
652.22277829999995902
645.57226560000003701
641.02246090000005552
638.92736820000004627
635.37701419999996233
629.13836670000000595
620.70715329999995902
618.20959470000002511
621.72460939999996299
618.48516849999998612
609.43035889999998744
606.54455570000004627
603.71679689999996299
599.90478519999999207
597.77685550000001058
594.91967769999996563
590.79003909999994448
587.25372310000000198
584.71441649999997026
583.62982179999994514
581.23309329999995043
578.2034912000000304
575.29223630000001322
573.46203609999997752
571.90905759999998281
569.82659909999995307
567.73565670000004957
567.09594730000003437
566.6878662000000304
566.21936040000002777
564.97265619999996034
562.61785889999998744
561.24511719999998149
559.71246340000004693
557.98785399999997026
556.04223630000001322
556.72973630000001322
555.33825679999995373
554.72418210000000727
553.55664060000003701
553.53607179999994514
552.93402100000002974
551.33367920000000595
547.56542969999998149
544.92608640000003106
540.46258539999996628
537.71600339999997686
537.55804439999997157
537.38525389999995241
538.64190670000004957
539.58453369999995175
537.96722409999995307
536.68255620000002182
536.25762940000004164
533.19824219999998149
532.06225589999996828
535.19073490000005222
536.90582280000000992
538.36193849999995109
537.00207520000003569
535.86914060000003701
533.87481690000004164
533.88055420000000595
533.32800290000000132
531.90655519999995704
531.52447510000001785
529.55755620000002182
528.70355219999999008
527.95904540000003635
526.20574950000002445
524.37298580000003767
524.44537349999995968
522.28845209999997223
519.6060790999999881
519.95861820000004627
518.72723389999998744
518.43377689999999802
517.59381099999995968
519.06713869999998678
519.09472659999994448
517.07867429999998876
515.07922359999997752
513.76666260000001785
513.40734859999997752
511.67541499999998678
510.89273070000001553
511.93026730000002544
514.26818849999995109
514.88494869999999537
514.10083010000005288
511.84814449999998942
510.2498168999999848
508.54479980000002115
506.74102779999998347
504.12002560000001949
502.57513430000000199
502.57373050000001058
502.46560670000002347
501.31289670000001024
499.93792719999999008
500.15978999999998678
503.29895019999997885
505.8941040000000271
503.24404909999998381
504.32568359999999075
506.39578249999999571
511.88043210000000727
517.1632080000000542
519.52368160000003172
517.90509029999998347
518.328125
521.54339600000002974
526.21765140000002248
528
528.52239989999998215
526.07336429999998018
522.28314209999996365
518.3630371000000423
514.20867920000000595
512.34692380000001322
510.0820618000000195
508.86755369999997356
506.47119140000000925
505.00924680000002809
506.34524540000001025
504.52050780000001851
504.64657590000001619
504.40454099999999471
501.68383790000001454
500.09756470000002082
498.17742920000000595
496.30627440000000661
495
494.03478999999998678
491.98449709999999868
490.9115294999999719
489.45645139999999174
487.18231200000002445
485.13745119999998678
483.57135010000001785
481.98547359999997752
481.9798584000000119
481.57672120000000859
481
480.94839480000001686
479.87097169999998414
478.74658199999998942
477.09735110000002578
475.75225829999999405
474.9265747000000033
473.10720830000002479
471.60565189999999802
470.3210753999999838
471.5046997000000033
472.01007079999999405
471.26443480000000363
471
471.78805540000001884
472.3894043000000238
472.81814580000002479
473.78417969999998149
474.69894410000000562
475.27471919999999272
476.50125120000001289
475.9997253000000228
477.39019780000000992
478.81982420000002776
479.48440549999997984
479.6136169000000109
477.32135010000001785
474.23178100000001223
470.86648559999997588
471.28521729999999934
475.67797849999999471
