467.691
468.553
469.415
470.276
471.136
471.995
472.851
473.706
474.559
475.409
476.255
477.099
477.938
478.774
479.605
480.432
481.253
482.069
482.879
483.684
484.481
485.272
486.056
486.833
487.601
488.362
489.114
489.857
490.591
491.316
492.031
492.735
493.43
494.113
494.785
495.446
496.095
496.732
497.356
497.967
498.566
499.15
499.721
500.278
500.82
501.347
501.859
502.355
502.836
503.3
503.748
504.179
504.592
504.988
505.366
505.727
506.072
506.401
506.715
507.014
507.3
507.574
507.834
508.084
508.323
508.551
508.771
508.982
509.184
509.38
509.569
509.753
509.931
510.106
510.276
510.444
510.609
510.773
510.936
511.099
511.263
511.429
511.596
511.766
511.94
512.117
512.3
512.489
512.684
512.886
513.095
513.314
513.541
513.778
514.026
514.286
514.557
514.842
515.139
515.451
515.778
516.121
516.48
516.856
517.25
517.662
518.093
518.545
519.019
519.517
520.041
520.594
521.177
521.793
522.443
523.13
523.855
524.622
525.431
526.285
527.186
528.137
529.138
530.193
531.304
532.471
533.698
534.987
536.339
537.757
539.243
540.799
542.427
544.128
545.906
547.762
549.699
551.717
553.82
556.01
558.288
560.656
563.118
565.674
568.327
571.079
573.932
576.888
579.949
583.118
586.395
589.784
593.287
596.905
600.641
604.497
608.474
612.575
616.802
621.157
625.64
630.244
634.961
639.784
644.705
649.717
654.812
659.982
665.22
670.518
675.868
681.264
686.697
692.159
697.644
703.143
708.649
714.154
719.651
725.132
730.59
736.016
741.403
746.744
752.031
757.256
762.412
767.491
772.486
777.389
782.192
786.887
791.468
795.926
800.254
804.444
808.489
812.381
816.112
819.675
823.062
826.266
829.279
832.093
834.701
837.095
839.267
841.211
842.917
844.38
845.59
846.541
847.225
847.638
847.789
847.685
847.335
846.747
845.931
844.894
843.646
842.195
840.548
838.716
836.706
834.528
832.188
829.697
827.063
824.294
821.399
818.386
815.263
812.041
808.726
805.328
801.855
798.315
794.718
791.072
787.385
783.665
779.923
776.165
772.4
768.638
764.887
761.154
757.449
753.781
750.157
746.587
743.079
739.641
736.283
733.012
729.837
726.767
723.81
720.975
718.27
715.704
713.286
711.023
708.926
707.001
705.254
703.678
702.269
701.021
699.927
698.981
698.178
697.511
696.976
696.565
696.272
696.093
696.021
696.05
696.174
696.387
696.683
697.057
697.502
698.012
698.582
699.206
699.877
700.59
701.339
702.118
702.921
703.742
704.574
705.413
706.253
707.086
707.908
708.712
709.493
710.244
710.96
711.635
712.263
712.837
713.352
713.802
714.182
714.484
714.704
714.834
714.871
714.806
714.635
714.352
713.95
713.424
712.767
711.978
711.06
710.016
708.85
707.566
706.168
704.66
703.045
701.328
699.513
697.602
695.601
693.513
691.341
689.09
686.763
684.365
681.899
679.369
676.779
674.133
671.434
668.687
665.895
663.062
660.193
657.29
654.358
651.4
648.421
645.424
642.414
639.393
636.366
633.337
630.309
627.287
624.274
621.275
618.292
615.33
612.393
609.484
606.607
603.767
600.967
598.211
595.503
592.846
590.245
587.703
585.225
582.813
580.471
578.196
575.989
573.846
571.769
569.754
567.801
565.91
564.077
562.304
560.587
558.926
557.32
555.768
554.268
552.819
551.421
550.071
548.768
547.512
546.301
545.134
544.01
542.928
541.886
540.883
539.918
538.989
538.097
537.238
536.413
535.62
534.857
534.124
533.42
532.742
532.091
531.464
530.861
530.28
529.721
529.181
528.66
528.157
527.67
527.198
526.74
526.295
525.861
525.438
525.023
524.617
524.218
523.824
523.436
523.055
522.678
522.307
521.942
521.582
521.227
520.877
520.532
520.192
519.856
519.526
519.199
518.877
518.56
518.246
517.937
517.631
517.329
517.031
516.736
516.445
516.158
515.873
515.592
515.313
515.038
514.765
514.495
514.228
513.963
513.7
513.44
513.182
512.925
512.671
512.418
512.167
511.917
511.669
511.423
511.177
510.933
510.689
510.446
510.204
509.963
509.722
509.482
509.242
509.002
