467.691
376.11
293.587
219.597
153.638
95.2304
43.9106
-0.763715
-39.2167
-71.8543
-99.065
-121.22
-138.675
-151.769
-160.824
-166.151
-168.043
-166.78
-162.628
-155.842
-146.662
-135.316
-122.022
-106.984
-90.3962
-72.4432
-53.2979
-33.1238
-12.0747
9.70451
32.078
54.9184
78.1064
101.531
125.088
148.68
172.219
195.622
218.811
241.716
264.274
286.425
308.114
329.295
349.923
369.96
389.371
408.125
426.197
443.563
460.206
476.11
491.262
505.654
519.279
532.134
544.218
555.533
566.081
575.87
584.906
593.2
600.762
607.606
613.747
619.199
623.979
628.107
631.6
634.478
636.764
638.477
639.64
640.276
640.407
640.058
639.252
638.013
636.365
634.333
631.941
629.213
626.174
622.848
619.259
615.43
611.385
607.148
602.741
598.187
593.507
588.724
583.859
578.933
573.964
568.974
563.982
559.005
554.061
549.169
544.343
539.602
534.959
530.429
526.026
521.765
517.656
513.713
509.946
506.366
502.983
499.806
496.843
494.103
491.592
489.317
487.284
485.498
483.963
482.684
481.663
480.904
480.408
480.176
480.21
480.51
481.076
481.906
483
484.356
485.971
487.843
489.968
492.343
494.963
497.825
500.922
504.25
507.804
511.576
515.561
519.752
524.143
528.725
533.492
538.435
543.547
548.82
554.246
559.815
565.52
571.351
577.299
583.357
589.513
595.761
602.089
608.489
614.952
621.469
628.029
634.625
641.246
647.884
654.529
661.173
667.807
674.421
681.008
687.558
694.063
700.514
706.905
713.226
719.471
725.63
731.698
737.667
743.529
749.279
754.909
760.414
765.787
771.023
776.116
781.06
785.852
790.486
794.958
799.263
803.398
807.359
811.143
814.747
818.168
821.403
824.451
827.31
829.978
832.453
834.736
836.825
838.719
840.42
841.926
843.238
844.358
845.285
846.022
846.57
846.93
847.105
847.097
846.908
846.542
846.001
845.289
844.409
843.364
842.159
840.798
839.285
837.625
835.821
833.88
831.805
829.603
827.278
824.836
822.282
819.622
816.862
814.007
811.064
808.038
804.936
801.764
798.528
795.234
791.889
788.499
785.07
781.608
778.12
774.612
771.091
767.563
764.033
760.508
756.994
753.497
750.023
746.578
743.168
739.797
736.472
733.198
729.979
726.822
723.731
720.711
717.767
714.902
712.121
709.429
706.828
704.323
701.918
699.614
697.416
695.325
693.345
691.478
689.726
688.091
686.574
685.177
683.9
682.744
681.711
680.8
680.011
679.344
678.799
678.374
678.069
677.882
677.812
677.857
678.014
678.282
678.658
679.138
679.719
680.399
681.174
682.038
682.99
684.023
685.134
686.318
687.569
688.882
690.252
691.674
693.14
694.646
696.186
697.752
699.338
700.938
702.545
704.152
705.752
707.337
708.902
710.438
711.938
713.395
714.802
716.151
717.434
718.644
719.775
720.817
721.765
722.611
723.348
723.968
724.465
724.833
725.063
725.151
725.088
724.871
724.491
723.945
723.225
722.328
721.248
719.981
718.522
716.867
715.012
712.955
710.693
708.222
705.541
702.649
699.543
696.223
692.689
688.941
684.98
680.806
676.422
671.829
667.031
662.03
656.831
651.439
645.857
640.092
634.15
628.039
621.765
615.336
608.762
602.052
595.215
588.263
581.207
574.059
566.831
559.537
552.19
544.806
537.398
529.984
522.578
515.199
507.863
500.588
493.394
486.3
479.324
472.487
465.81
459.313
453.018
446.947
441.122
435.565
430.299
425.347
420.732
416.477
412.605
409.141
406.106
403.525
401.421
399.816
398.733
398.195
398.224
398.841
400.067
401.923
404.427
407.6
411.458
416.019
421.298
427.31
434.069
441.585
449.87
458.932
468.777
479.411
490.836
503.053
516.061
529.854
544.426
559.766
575.863
592.7
610.258
628.514
647.44
667.008
687.181
707.922
729.185
750.923
773.083
795.606
818.428
841.478
864.681
887.955
911.211
934.354
957.281
979.883
1002.04
1023.63
1044.51
1064.55
1083.6
1101.48
1118.04
1133.08
1146.43
1157.87
1167.2
1174.19
1178.6
1180.19
1178.69
1173.83
1165.32
1152.85
1136.11
1114.76
1088.47
1056.86
1019.54
976.135
926.214
869.346
805.079
732.939
652.435
563.054
