467.691
-39978.8
-70166.3
-91801.7
-106369
-115153
-119263
-119650
-117127
-112385
-106006
-98478.2
-90206.6
-81524.3
-72701.6
-63954.9
-55453.8
-47328.3
-39674.2
-32559.2
-26026.5
-20100
-14786.9
-10081.3
-5967.05
-2419.64
591.494
3101.34
5147.85
6770.76
8010.49
8907.42
9501.11
9829.84
9930.15
9836.52
9581.16
9193.86
8701.91
8130.05
7500.48
6832.93
6144.74
5450.95
4764.41
4095.95
3454.5
2847.23
2279.73
1756.13
1279.27
850.847
471.541
141.16
-141.238
-377.223
-568.885
-718.729
-829.583
-904.512
-946.743
-959.592
-946.411
-910.529
-855.21
-783.612
-698.758
-603.506
-500.534
-392.317
-281.123
-169.004
-57.7896
50.9081
155.694
255.384
348.998
435.747
515.03
586.413
649.623
704.531
751.14
789.57
820.046
842.882
858.47
867.263
869.767
866.53
858.124
845.144
828.191
807.866
784.765
759.468
732.534
704.497
675.859
647.091
618.624
590.851
564.123
538.751
515.003
493.103
473.237
455.547
440.139
427.08
416.402
408.104
402.156
398.5
397.05
397.702
400.33
404.793
410.935
418.591
427.585
437.74
448.871
460.797
473.333
486.304
499.534
512.86
526.122
539.174
551.878
564.111
575.76
586.725
596.922
606.279
614.737
622.253
628.796
634.349
638.907
642.477
645.077
646.739
647.501
647.411
646.526
644.91
642.632
639.767
636.394
632.596
628.456
624.061
619.496
614.845
610.193
605.621
601.208
597.028
593.151
589.644
586.566
583.973
581.912
580.426
579.55
579.315
579.74
580.843
582.632
585.109
588.27
592.105
596.597
601.724
607.459
613.771
620.623
627.974
635.78
643.995
652.569
661.45
670.584
679.919
689.398
698.966
708.57
718.154
727.666
737.056
746.273
755.272
764.007
772.438
780.526
788.237
795.54
802.407
808.814
814.741
820.173
825.098
829.508
833.397
836.766
839.617
841.957
843.796
845.146
846.022
846.444
846.43
846.004
845.19
844.014
842.503
840.685
838.589
836.243
833.677
830.92
828
824.945
821.781
818.536
815.231
811.892
808.538
805.189
801.863
798.573
795.335
792.158
789.051
786.021
783.072
780.206
777.425
774.725
772.103
769.554
767.07
764.644
762.266
759.924
757.608
755.304
753
750.683
748.34
745.957
743.522
741.024
738.45
735.791
733.037
730.181
727.217
724.139
720.945
717.634
714.206
710.666
707.016
703.266
699.423
695.498
691.506
687.461
683.38
679.282
675.186
671.115
667.091
663.139
659.284
655.55
651.965
648.553
645.342
642.356
639.621
637.161
635
633.158
631.656
630.512
629.742
629.359
629.375
629.797
630.632
631.88
633.542
635.613
638.085
640.947
644.184
647.778
651.709
655.951
660.476
665.253
670.249
675.427
680.749
686.173
691.656
697.154
702.621
708.011
713.278
718.374
723.252
727.868
732.176
736.135
739.702
742.84
745.513
747.69
749.343
750.446
750.98
750.93
750.285
749.041
747.197
744.759
741.739
738.152
734.022
729.376
724.248
718.675
712.702
706.376
699.749
692.878
685.821
678.642
671.404
664.173
657.016
650.001
643.194
636.66
630.463
624.663
619.316
614.474
610.185
606.489
603.419
601.003
599.257
598.193
597.809
598.096
599.034
600.594
602.734
605.405
608.544
612.08
615.933
620.012
624.217
628.442
632.574
636.494
640.078
643.201
645.733
647.548
648.522
648.532
647.463
645.21
641.676
636.778
630.446
622.63
613.297
602.436
590.061
576.209
560.946
544.366
526.592
507.781
488.117
467.819
447.137
426.353
405.777
385.749
366.635
348.824
332.728
318.771
307.391
299.032
294.138
293.146
296.479
304.537
317.69
336.267
360.549
390.755
427.031
469.446
517.971
572.475
632.714
698.314
768.767
843.42
921.465
1001.93
1083.69
1165.42
1245.65
1322.72
1394.81
1459.92
1515.92
1560.52
1591.31
1605.79
1601.36
1575.42
1525.35
1448.55
1342.56
1205.03
1033.87
827.243
583.709
302.272
-17.5078
-375.421
-770.5
-1200.9
-1663.8
-2155.26
-2670.09
-3201.76
-3742.25
-4281.92
-4809.42
-5311.55
-5773.19
-6177.23
-6504.49
-6733.7
-6841.51
-6802.55
-6589.5
-6173.27
-5523.22
-4607.47
-3393.29
-1847.64
62.2235
2367.94
5099.12
8282.19
11939.1
16085.6
20729.6
25868.9
31488.7
37558.8
44030.2
50831.7
57865.1
65000.8
72072.3
78869.8
85133.7
90546.3
94723.6
97205.4
97444.2
94793.8
88495.1
77661.9
61264.4
38110.3
6825.77
