692.624
694.115
695.617
697.139
698.692
700.285
701.929
703.634
705.41
707.268
709.217
711.268
713.431
715.716
718.133
720.692
723.404
726.279
729.318
732.51
735.842
739.303
742.88
746.562
750.335
754.187
758.107
762.083
766.101
770.149
774.217
778.29
782.358
786.407
790.427
794.421
798.4
802.376
806.359
810.362
814.395
818.47
822.598
826.791
831.06
835.416
839.871
844.437
849.124
853.943
858.907
864.021
869.267
874.624
880.07
885.585
891.145
896.73
902.317
907.886
913.414
918.88
924.262
929.539
934.688
939.689
944.519
949.158
953.606
957.897
962.062
966.138
970.156
974.152
978.16
982.212
986.344
990.589
994.981
999.554
1004.34
1009.38
1014.7
1020.33
1026.32
1032.64
1039.26
1046.15
1053.28
1060.61
1068.12
1075.77
1083.52
1091.35
1099.22
1107.1
1114.96
1122.76
1130.47
1138.05
1145.49
1152.74
1159.84
1166.78
1173.59
1180.29
1186.89
1193.42
1199.88
1206.31
1212.7
1219.09
1225.49
1231.91
1238.38
1244.92
1251.53
1258.24
1265.04
1271.93
1278.88
1285.88
1292.91
1299.94
1306.97
1313.97
1320.92
1327.81
1334.62
1341.34
1347.93
1354.4
1360.7
1366.84
1372.8
1378.57
1384.19
1389.67
1395.04
1400.3
1405.5
1410.63
1415.74
1420.82
1425.92
1431.03
1436.2
1441.43
1446.74
1452.17
1457.72
1463.41
1469.24
1475.2
1481.29
1487.51
1493.84
1500.28
1506.83
1513.48
1520.23
1527.07
1534
1541
1548.08
1555.23
1562.44
1569.71
1577.03
1584.37
1591.7
1599.01
1606.27
1613.45
1620.54
1627.5
1634.33
1640.98
1647.44
1653.68
1659.68
1665.42
1670.87
1676.01
1680.83
1685.32
1689.52
1693.45
1697.15
1700.63
1703.92
1707.06
1710.06
1712.95
1715.75
1718.51
1721.23
1723.95
1726.69
1729.48
1732.35
1735.31
1738.37
1741.53
1744.78
1748.12
1751.57
1755.1
1758.73
1762.46
1766.28
1770.19
1774.19
1778.29
1782.48
1786.76
1791.13
1795.59
1800.14
1804.8
1809.56
1814.43
1819.42
1824.54
1829.78
1835.17
1840.7
1846.37
1852.21
1858.21
1864.37
1870.71
1877.24
1883.95
1890.85
1897.92
1905.13
1912.45
1919.86
1927.31
1934.79
1942.26
1949.69
1957.06
1964.33
1971.48
1978.47
1985.27
1991.87
1998.21
2004.29
2010.08
2015.61
2020.9
2025.99
2030.9
2035.67
2040.31
2044.86
2049.35
2053.81
2058.26
2062.74
2067.26
2071.87
2076.59
2081.44
2086.46
2091.66
2097.04
2102.6
2108.33
2114.25
2120.34
2126.62
2133.07
2139.7
2146.52
2153.51
2160.68
2168.03
2175.56
2183.26
2191.15
2199.21
2207.41
2215.7
2224.04
2232.38
2240.67
2248.88
2256.95
2264.84
2272.51
2279.9
2286.97
2293.69
2299.99
2305.84
2311.19
2316
2320.23
2323.94
2327.13
2329.87
2332.16
2334.07
2335.6
2336.81
2337.73
2338.39
2338.82
2339.07
2339.16
2339.13
2339.02
2338.86
