0
6.661448140900195547
13.322896281800391094
19.984344422700587529
26.645792563600782188
33.307240704500976847
39.968688845401175058
46.630136986301366164
53.291585127201564376
59.953033268101762587
66.614481409001953693
73.275929549902144799
79.937377690802350116
86.598825831702541223
93.260273972602732329
99.921722113502937646
106.58317025440312875
113.24461839530331986
119.90606653620352517
126.56751467710371628
133.22896281800390739
139.8904109589041127
146.5518590998042896
153.21330724070449492
159.87475538160470023
166.53620352250487713
173.19765166340508245
179.85909980430528776
186.52054794520546466
193.18199608610566997
199.84344422700587529
206.50489236790605219
213.1663405088062575
219.82778864970646282
226.48923679060663972
233.15068493150684503
239.81213307240705035
246.47358121330722724
253.13502935420743256
259.79647749510763788
266.45792563600781477
273.11937377690799167
279.78082191780822541
286.4422700587084023
293.1037181996085792
299.76516634050881294
306.42661448140898983
313.08806262230916673
319.74951076320940047
326.41095890410957736
333.07240704500975426
339.73385518590998799
346.39530332681016489
353.05675146771034179
359.71819960861057552
366.37964774951075242
373.04109589041092931
379.70254403131116305
386.36399217221133995
393.02544031311151684
399.68688845401175058
406.34833659491192748
413.00978473581210437
419.67123287671233811
426.33268101761251501
432.9941291585126919
439.65557729941292564
446.31702544031310254
452.97847358121327943
459.63992172211351317
466.30136986301369006
472.96281800391386696
479.6242661448141007
486.28571428571427759
492.94716242661445449
499.60861056751468823
506.27005870841486512
512.93150684931504202
519.59295499021527576
526.25440313111539581
532.91585127201562955
539.57729941291586329
546.23874755381598334
552.90019569471621708
559.56164383561645081
566.22309197651657087
572.88454011741680461
579.54598825831703834
586.2074363992171584
592.86888454011739213
599.53033268101762587
606.19178082191774593
612.85322896281797966
619.5146771037182134
626.17612524461833345
632.83757338551856719
639.49902152641880093
646.16046966731892098
652.82191780821915472
659.48336594911938846
666.14481409001950851
672.80626223091974225
679.46771037181997599
686.12915851272009604
692.79060665362032978
699.45205479452056352
706.11350293542068357
712.77495107632091731
719.43639921722115105
726.0978473581212711
732.75929549902150484
739.42074363992173858
746.08219178082185863
752.74363992172209237
759.40508806262232611
766.06653620352244616
772.7279843444226799
779.38943248532291364
786.05088062622303369
792.71232876712326743
799.37377690802350116
806.03522504892362122
812.69667318982385495
819.35812133072408869
826.01956947162420875
832.68101761252444248
839.34246575342467622
846.00391389432479627
852.66536203522503001
859.32681017612526375
865.9882583170253838
872.64970645792561754
879.31115459882585128
885.97260273972597133
892.63405088062620507
899.29549902152643881
905.95694716242655886
912.6183953033267926
919.27984344422702634
925.94129158512714639
932.60273972602738013
939.26418786692761387
945.92563600782773392
952.58708414872796766
959.2485322896282014
965.90998043052832145
972.57142857142855519
979.23287671232878893
985.89432485322890898
992.55577299412914272
999.21722113502937646
1005.8786692759294965
1012.5401174168297302
1019.201565557729964
1025.863013698630084
1032.5244618395302041
1039.1859099804305515
1045.8473581213306716
1052.5088062622307916
1059.170254403131139
1065.8317025440312591
1072.4931506849313791
1079.1545988258317266
1085.8160469667318466
1092.4774951076319667
1099.1389432485323141
1105.8003913894324342
1112.4618395303325542
1119.1232876712329016
1125.7847358121330217
1132.4461839530331417
1139.1076320939334892
1145.7690802348336092
1152.4305283757337293
1159.0919765166340767
1165.7534246575341967
1172.4148727984343168
1179.0763209393346642
1185.7377690802347843
1192.3992172211349043
1199.0606653620352517
1205.7221135029353718
1212.3835616438354919
1219.0450097847358393
1225.7064579256359593
1232.3679060665360794
1239.0293542074364268
1245.6908023483365469
1252.3522504892366669
1259.0136986301370143
1265.6751467710371344
1272.3365949119372544
1278.9980430528376019
1285.6594911937377219
1292.320939334637842
1298.9823874755381894
1305.6438356164383094
1312.3052837573384295
1318.9667318982387769
1325.628180039138897
1332.289628180039017
1338.9510763209393645
1345.6125244618394845
1352.2739726027396046
1358.935420743639952
1365.596868884540072
1372.2583170254401921
1378.9197651663405395
1385.5812133072406596
1392.2426614481407796
1398.904109589041127
1405.5655577299412471
1412.2270058708413671
1418.8884540117417146
1425.5499021526418346
1432.2113502935419547
1438.8727984344423021
1445.5342465753424221
1452.1956947162425422
1458.8571428571428896
1465.5185909980430097
1472.1800391389431297
1478.8414872798434772
1485.5029354207435972
1492.1643835616437173
1498.8258317025440647
1505.4872798434441847
1512.1487279843443048
1518.8101761252446522
1525.4716242661447723
1532.1330724070448923
1538.7945205479452397
1545.4559686888453598
1552.1174168297454798
1558.7788649706458273
1565.4403131115459473
1572.1017612524460674
1578.7632093933464148
1585.4246575342465349
1592.0861056751466549
1598.7475538160470023
1605.4090019569471224
1612.0704500978472424
1618.7318982387475899
1625.3933463796477099
1632.05479452054783
1638.7162426614481774
1645.3776908023482974
1652.0391389432484175
1658.7005870841487649
1665.362035225048885
1672.023483365949005
1678.6849315068493524
1685.3463796477494725
1692.0078277886495925
1698.66927592954994
1705.33072407045006
1711.9921722113501801
1718.6536203522505275
1725.3150684931506476
1731.9765166340507676
1738.637964774951115
1745.2994129158512351
1751.9608610567513551
1758.6223091976517026
1765.2837573385518226
1771.9452054794519427
1778.6066536203522901
1785.2681017612524101
1791.9295499021525302
1798.5909980430528776
1805.2524461839529977
1811.9138943248531177
1818.5753424657534651
1825.2367906066535852
1831.8982387475537053
1838.5596868884540527
1845.2211350293541727
1851.8825831702542928
1858.5440313111546402
1865.2054794520547603
1871.8669275929548803
1878.5283757338552277
1885.1898238747553478
1891.8512720156554678
1898.5127201565558153
1905.1741682974559353
1911.8356164383560554
1918.4970645792564028
1925.1585127201565228
1931.8199608610566429
1938.4814090019569903
1945.1428571428571104
1951.8043052837572304
1958.4657534246575779
1965.1272015655576979
1971.788649706457818
1978.4500978473581654
1985.1115459882582854
1991.7729941291584055
1998.4344422700587529
2005.095890410958873
2011.757338551858993
2018.4187866927593404
2025.0802348336594605
2031.7416829745595805
2038.403131115459928
2045.064579256360048
2051.7260273972601681
2058.3874755381602881
2065.0489236790604082
2071.710371819960983
2078.371819960861103
2085.0332681017612231
2091.6947162426613431
2098.3561643835614632
2105.0176125244615832
2111.679060665362158
2118.3405088062622781
2125.0019569471623981
2131.6634050880625182
2138.3248532289626382
2144.9863013698627583
2151.6477495107633331
2158.3091976516634531
2164.9706457925635732
2171.6320939334636932
2178.2935420743638133
2184.9549902152639334
2191.6164383561645081
2198.2778864970646282
2204.9393346379647483
2211.6007827788648683
2218.2622309197649884
2224.9236790606651084
2231.5851272015656832
2238.2465753424658033
2244.9080234833659233
2251.5694716242660434
2258.2309197651661634
2264.8923679060662835
2271.5538160469668583
2278.2152641878669783
2284.8767123287670984
2291.5381604696672184
2298.1996086105673385
2304.8610567514674585
2311.5225048923680333
2318.1839530332681534
2324.8454011741682734
2331.5068493150683935
2338.1682974559685135
2344.8297455968686336
2351.4911937377692084
2358.1526418786693284
2364.8140900195694485
2371.4755381604695685
2378.1369863013696886
2384.7984344422698086
2391.4598825831703834
2398.1213307240705035
2404.7827788649706235
2411.4442270058707436
2418.1056751467708636
2424.7671232876709837
2431.4285714285715585
2438.0900195694716786
2444.7514677103717986
2451.4129158512719187
2458.0743639921720387
2464.7358121330721588
2471.3972602739727336
2478.0587084148728536
2484.7201565557729737
2491.3816046966730937
2498.0430528375732138
2504.7045009784733338
2511.3659491193739086
2518.0273972602740287
2524.6888454011741487
2531.3502935420742688
2538.0117416829743888
2544.6731898238745089
2551.3346379647750837
2557.9960861056752037
2564.6575342465753238
2571.3189823874754438
2577.9804305283755639
2584.6418786692756839
2591.3033268101762587
2597.9647749510763788
2604.6262230919764988
2611.2876712328766189
2617.9491193737767389
2624.610567514676859
2631.2720156555774338
2637.9334637964775538
2644.5949119373776739
2651.2563600782777939
2657.917808219177914
2664.579256360078034
2671.2407045009786088
2677.9021526418787289
2684.563600782778849
2691.225048923678969
2697.8864970645790891
2704.5479452054792091
2711.2093933463797839
2717.870841487279904
2724.532289628180024
2731.1937377690801441
2737.8551859099802641
2744.5166340508803842
2751.178082191780959
2757.839530332681079
2764.5009784735811991
2771.1624266144813191
2777.8238747553814392
2784.4853228962815592
2791.146771037182134
2797.8082191780822541
2804.4696673189823741
2811.1311154598824942
2817.7925636007826142
2824.4540117416827343
2831.1154598825833091
2837.7769080234834291
2844.4383561643835492
2851.0998043052836692
2857.7612524461837893
2864.4227005870839093
2871.0841487279844841
2877.7455968688846042
2884.4070450097847242
2891.0684931506848443
2897.7299412915849643
2904.3913894324850844
2911.0528375733856592
2917.7142857142857792
2924.3757338551858993
2931.0371819960860194
2937.6986301369861394
2944.3600782778862595
2951.0215264187868343
2957.6829745596869543
2964.3444227005870744
2971.0058708414871944
2977.6673189823873145
2984.3287671232874345
2990.9902152641880093
2997.6516634050881294
3004.3131115459882494
3010.9745596868883695
3017.6360078277884895
3024.2974559686886096
3030.9589041095891844
3037.6203522504893044
3044.2818003913894245
3050.9432485322895445
3057.6046966731896646
3064.2661448140897846
3070.9275929549903594
3077.5890410958904795
3084.2504892367905995
3090.9119373776907196
3097.5733855185908396
3104.2348336594909597
3110.8962818003915345
3117.5577299412916545
3124.2191780821917746
3130.8806262230918946
3137.5420743639920147
3144.2035225048921347
3150.8649706457927095
3157.5264187866928296
3164.1878669275929497
3170.8493150684930697
3177.5107632093931898
3184.1722113502933098
3190.8336594911938846
3197.4951076320940047
3204.1565557729941247
3210.8180039138942448
3217.4794520547943648
3224.1409001956944849
3230.8023483365950597
3237.4637964774951797
3244.1252446183952998
3250.7866927592954198
3257.4481409001955399
3264.1095890410956599
3270.7710371819962347
3277.4324853228963548
3284.0939334637964748
3290.7553816046965949
3297.4168297455967149
3304.078277886496835
3310.7397260273974098
3317.4011741682975298
3324.0626223091976499
3330.7240704500977699
3337.38551859099789
3344.04696673189801
3350.7084148727985848
3357.3698630136987049
3364.0313111545988249
3370.692759295498945
3377.354207436399065
3384.0156555772991851
3390.6771037181997599
3397.3385518590998799
3404
