692.62000000000000455
692.59000000000003183
691.63999999999998636
691.01999999999998181
691.07000000000005002
692.19000000000005457
693.60000000000002274
694.90999999999996817
696.65999999999996817
698.51999999999998181
699.62999999999999545
700.86000000000001364
702.51999999999998181
703.88999999999998636
705.77999999999997272
708.21000000000003638
710.53999999999996362
712.95000000000004547
714.95000000000004547
716.47000000000002728
717.44000000000005457
718.19000000000005457
718.99000000000000909
720.15999999999996817
722.22000000000002728
725.25999999999999091
728.69000000000005457
732.11000000000001364
735.15999999999996817
738.57000000000005002
743.02999999999997272
746.62999999999999545
749.51999999999998181
752.97000000000002728
755.25999999999999091
756.82000000000005002
759.21000000000003638
762.36000000000001364
764.29999999999995453
767.09000000000003183
769.51999999999998181
770.44000000000005457
770.50999999999999091
771.62000000000000455
771.78999999999996362
773.61000000000001364
775.40999999999996817
777.51999999999998181
780.71000000000003638
784.32000000000005002
787.63999999999998636
790.77999999999997272
794.11000000000001364
797.53999999999996362
801.28999999999996362
808.52999999999997272
813.14999999999997726
813.74000000000000909
817.13999999999998636
821.11000000000001364
822.70000000000004547
822.95000000000004547
823.63999999999998636
826.67999999999994998
830.49000000000000909
831.17999999999994998
831.97000000000002728
833.75
835.44000000000005457
837.04999999999995453
838.98000000000001819
841.79999999999995453
847.11000000000001364
852.59000000000003183
856.20000000000004547
858.71000000000003638
862.36000000000001364
867.75999999999999091
871.61000000000001364
875
879.86000000000001364
883.36000000000001364
887.65999999999996817
893.22000000000002728
898.17999999999994998
902.87000000000000455
907.50999999999999091
911.08000000000004093
914.26999999999998181
917.39999999999997726
918.17999999999994998
919.27999999999997272
922.78999999999996362
927.16999999999995907
932.20000000000004547
937.12000000000000455
943.44000000000005457
947.41999999999995907
942.95000000000004547
943.50999999999999091
947.38999999999998636
953.11000000000001364
954.50999999999999091
953
955.95000000000004547
959.21000000000003638
962.25999999999999091
965
966.65999999999996817
966.60000000000002274
972.07000000000005002
978.20000000000004547
983.32000000000005002
987.24000000000000909
989.98000000000001819
991.60000000000002274
994.23000000000001819
996.33000000000004093
996.09000000000003183
998.14999999999997726
1001.7999999999999545
1005.2999999999999545
1008.7999999999999545
1013.2999999999999545
1018.2999999999999545
1021.8999999999999773
1026
1029.2999999999999545
1033.4000000000000909
1036.2000000000000455
1045
1048.7999999999999545
1051.5999999999999091
1058.2000000000000455
1065.0999999999999091
1069.9000000000000909
1074.7000000000000455
1080.7999999999999545
1087.5
1094.4000000000000909
1101.7999999999999545
1108.7999999999999545
1115.2000000000000455
1120.7000000000000455
1126.0999999999999091
1131.2000000000000455
1133.5
1136.2999999999999545
1139.7999999999999545
1142.2000000000000455
1144.9000000000000909
1148.0999999999999091
1155.7999999999999545
1159.7999999999999545
1162.2000000000000455
1167.2000000000000455
1170.9000000000000909
1173.5
1176.5999999999999091
1180
1182.7999999999999545
1186.0999999999999091
1189.7999999999999545
1194.9000000000000909
1201
1205.7999999999999545
1210
1215.5999999999999091
1221.7000000000000455
1226.7000000000000455
1231.5
1237.9000000000000909
1243.4000000000000909
1247.5999999999999091
1251.5999999999999091
1255.2999999999999545
1259.9000000000000909
1264.9000000000000909
1269.7999999999999545
1273.4000000000000909
1276.2999999999999545
1279.5
1283.7999999999999545
1288.2000000000000455
1292.5
1298.2999999999999545
1303.0999999999999091
1306.2000000000000455
1308.2999999999999545
1311.9000000000000909
1317
1321.2999999999999545
1325.5999999999999091
1330.7000000000000455
1334.9000000000000909
1338.7999999999999545
1343.2000000000000455
1350
1357.9000000000000909
1363.7999999999999545
1368.2000000000000455
1371.0999999999999091
1372.4000000000000909
1374.2000000000000455
1376.5999999999999091
1379.7000000000000455
1384.2000000000000455
1388.9000000000000909
1392.9000000000000909
1396
1399
1402
1405.9000000000000909
1410.5999999999999091
1414.7999999999999545
1417.2999999999999545
1422
1427.5
1431.5
1435.5999999999999091
1440.5999999999999091
1444.0999999999999091
1447.5999999999999091
1451.2999999999999545
1453.7999999999999545
1457
1461.7000000000000455
1466.2000000000000455
1470.5
1477.4000000000000909
1483.4000000000000909
1485.7000000000000455
1487.7000000000000455
1490.7999999999999545
1495.0999999999999091
1499.5999999999999091
1504.2999999999999545
1508.9000000000000909
1513.7999999999999545
1518.7999999999999545
1522.5
1526.7000000000000455
1532.5
1536.2999999999999545
1540.7000000000000455
1545.7000000000000455
1549.7999999999999545
1553.7000000000000455
1558.2999999999999545
1562.5
1566.2999999999999545
1570.4000000000000909
1573.7999999999999545
1577.5999999999999091
1582.4000000000000909
1588.2999999999999545
1594.2000000000000455
1597.7999999999999545
1601.7000000000000455
1606.2000000000000455
1611.2000000000000455
1616
1620.5
1627
1634.5
1642.5
1645.9000000000000909
1650.5999999999999091
1656.5999999999999091
1660.0999999999999091
1663
1665.2999999999999545
1668.0999999999999091
1671.0999999999999091
1674.2000000000000455
1676.9000000000000909
1679.2000000000000455
1680.9000000000000909
1682.5999999999999091
1684.5
1686.5999999999999091
1688.5
1690.4000000000000909
1692.2000000000000455
1694.2999999999999545
1696.9000000000000909
1699.5999999999999091
1701.2000000000000455
1702.7999999999999545
1705.2999999999999545
1707.9000000000000909
1710.5
1712.2000000000000455
1714.0999999999999091
1716.2999999999999545
1719.2000000000000455
1722.2000000000000455
1725.2000000000000455
1727.7999999999999545
1730.0999999999999091
1731.7999999999999545
1732.5999999999999091
1734.0999999999999091
1736
1737.7000000000000455
1739.7999999999999545
1742.7000000000000455
1746.7000000000000455
1749.9000000000000909
1751.7999999999999545
1753.2999999999999545
1755.0999999999999091
1757.2999999999999545
1759.5999999999999091
1761.5999999999999091
1763.5
1765.5999999999999091
1767.9000000000000909
1770.5999999999999091
1773.5
1776.4000000000000909
1779.5999999999999091
1783.0999999999999091
1786.2999999999999545
1789.5
1793.2999999999999545
1796.5999999999999091
1799.7999999999999545
1803.5
1807
1810.2000000000000455
1813.7000000000000455
1817.5
1821.4000000000000909
1825.2999999999999545
1829.5999999999999091
1833.9000000000000909
1838.2999999999999545
1842.2000000000000455
1845.7999999999999545
1849.7999999999999545
1853.2000000000000455
1856.4000000000000909
1860
1863.7000000000000455
1867.5999999999999091
1871.5
1875.2999999999999545
1879
1882.0999999999999091
1884.9000000000000909
1887.7000000000000455
1890.2999999999999545
1892.5999999999999091
1895.2000000000000455
1898.7000000000000455
1903.0999999999999091
1907.9000000000000909
1913.5
1918.9000000000000909
1924.2999999999999545
1929.5999999999999091
1935.2999999999999545
1941.0999999999999091
1945.7000000000000455
1950.0999999999999091
1954.5
1959.7000000000000455
1964.5999999999999091
1969.2999999999999545
1974.7999999999999545
1980.5999999999999091
1986.7999999999999545
1991.7999999999999545
1997
2003.0999999999999091
2009.0999999999999091
2015.9000000000000909
2022.5999999999999091
2029.4000000000000909
2035.5999999999999091
2040.7000000000000455
2044.5
2049.1999999999998181
2054.0999999999999091
2056.3000000000001819
2057.0999999999999091
2056.8000000000001819
2055.6999999999998181
2055.4000000000000909
2056.0999999999999091
2057.5999999999999091
2060.0999999999999091
2063.0999999999999091
2066.3000000000001819
2069
2071.8000000000001819
2074.9000000000000909
2078.0999999999999091
2081
2083.6999999999998181
2086.5999999999999091
2090
2093.3000000000001819
2096.9000000000000909
2100.5999999999999091
2104.4000000000000909
2107.6999999999998181
2111.4000000000000909
2115.8000000000001819
2121
2126.8000000000001819
2132.5999999999999091
2138
2143
2147.5999999999999091
2152.1999999999998181
2156.8000000000001819
2161.3000000000001819
2165
2168.8000000000001819
2173.4000000000000909
2177.9000000000000909
2182.6999999999998181
2187.5
2192
2196.6999999999998181
2202.3000000000001819
2208.3000000000001819
2213.3000000000001819
2219
2225
2230.1999999999998181
2234.9000000000000909
2239.5999999999999091
2244.1999999999998181
2249.5
2254.6999999999998181
2259.5999999999999091
2264.0999999999999091
2268.6999999999998181
2273
2277.4000000000000909
2282.0999999999999091
2287.3000000000001819
2292.5
2297.6999999999998181
2302.6999999999998181
2306.5
2310.4000000000000909
2314.9000000000000909
2319.1999999999998181
2322.6999999999998181
2327.1999999999998181
2331.8000000000001819
2335.3000000000001819
2335.6999999999998181
2336.5
2336.5999999999999091
2336.3000000000001819
2336.6999999999998181
2338
2338.9000000000000909
2339.5999999999999091
2340.3000000000001819
2340.8000000000001819
2341
2341.1999999999998181
2341.3000000000001819
2340.9000000000000909
2340.5
2340.5999999999999091
2339.5
2338.9000000000000909
2338.6999999999998181
2338.6999999999998181
2338.6999999999998181
2338.6999999999998181
2338.4000000000000909
2336.9000000000000909
2335.1999999999998181
2332.1999999999998181
2329.8000000000001819
2333.9000000000000909
2339.0999999999999091
2341.6999999999998181
2343.0999999999999091
2341.6999999999998181
2341.9000000000000909
2343
2344.3000000000001819
2346.0999999999999091
2347.1999999999998181
2347.9000000000000909
2348.3000000000001819
2349.5999999999999091
2350.6999999999998181
2350.9000000000000909
2350.9000000000000909
2352.6999999999998181
2354.1999999999998181
2355.0999999999999091
2355.9000000000000909
2356.5
2357.0999999999999091
2358.1999999999998181
2358.3000000000001819
2356.1999999999998181
2351.8000000000001819
2347.8000000000001819
2344
2339.8000000000001819
