692.624
695.314
698.004
700.697
703.392
706.09
708.793
711.502
714.217
716.938
719.668
722.407
725.156
727.915
730.686
733.469
736.266
739.077
741.904
744.746
747.605
750.482
753.378
756.294
759.232
762.196
765.191
768.221
771.292
774.408
777.573
780.792
784.069
787.41
790.818
794.299
797.856
801.495
805.22
809.036
812.947
816.958
821.073
825.298
829.635
834.092
838.67
843.366
848.173
853.082
858.084
863.172
868.337
873.572
878.867
884.215
889.607
895.036
900.492
905.968
911.456
916.948
922.434
927.908
933.36
938.782
944.167
949.506
954.791
960.017
965.19
970.319
975.414
980.482
985.532
990.573
995.615
1000.67
1005.73
1010.83
1015.96
1021.13
1026.36
1031.64
1037
1042.44
1047.97
1053.59
1059.31
1065.16
1071.12
1077.22
1083.44
1089.8
1096.27
1102.85
1109.52
1116.29
1123.14
1130.06
1137.05
1144.09
1151.18
1158.31
1165.47
1172.65
1179.85
1187.05
1194.24
1201.42
1208.58
1215.71
1222.8
1229.85
1236.84
1243.77
1250.65
1257.46
1264.23
1270.94
1277.59
1284.19
1290.74
1297.24
1303.68
1310.08
1316.42
1322.72
1328.97
1335.16
1341.32
1347.42
1353.48
1359.49
1365.46
1371.39
1377.27
1383.11
1388.92
1394.7
1400.47
1406.22
1411.97
1417.73
1423.5
1429.29
1435.11
1440.97
1446.87
1452.83
1458.84
1464.93
1471.09
1477.34
1483.68
1490.12
1496.66
1503.33
1510.12
1517.04
1524.08
1531.24
1538.48
1545.79
1553.15
1560.54
1567.95
1575.34
1582.71
1590.03
1597.29
1604.46
1611.53
1618.47
1625.27
1631.9
1638.36
1644.61
1650.64
1656.43
1661.97
1667.22
1672.18
1676.85
1681.26
1685.42
1689.35
1693.07
1696.61
1699.97
1703.19
1706.27
1709.24
1712.12
1714.93
1717.68
1720.4
1723.1
1725.81
1728.54
1731.32
1734.16
1737.08
1740.1
1743.24
1746.52
1749.94
1753.49
1757.18
1761.01
1764.97
1769.07
1773.3
1777.67
1782.18
1786.82
1791.6
1796.51
1801.56
1806.75
1812.06
1817.52
1823.11
1828.83
1834.69
1840.68
1846.8
1853.06
1859.45
1865.95
1872.54
1879.22
1885.96
1892.75
1899.58
1906.43
1913.29
1920.15
1926.97
1933.77
1940.5
1947.17
1953.76
1960.25
1966.63
1972.89
1979
1984.95
1990.73
1996.32
2001.72
2006.93
2011.98
2016.89
2021.68
2026.37
2030.99
2035.56
2040.1
2044.63
2049.17
2053.76
2058.39
2063.11
2067.94
2072.88
2077.98
2083.24
2088.7
2094.36
2100.27
2106.43
2112.87
2119.59
2126.58
2133.8
2141.22
2148.81
2156.54
2164.38
2172.3
2180.28
2188.27
2196.26
2204.21
2212.09
2219.87
2227.52
2235.02
2242.33
2249.42
2256.26
2262.82
2269.08
2275
2280.55
2285.74
2290.57
2295.06
2299.23
2303.1
2306.68
2309.99
2313.04
2315.86
2318.46
2320.86
2323.07
2325.11
2327
2328.76
2330.39
2331.92
2333.37
2334.75
2336.07
2337.36
2338.64
