692.6240234375
692.59014892578125
691.64642333984375
691.023193359375
691.07330322265625
692.19970703125
693.60308837890625
694.917236328125
696.6649169921875
698.52398681640625
699.637451171875
700.864501953125
702.52825927734375
703.89990234375
705.78863525390625
708.2191162109375
710.540283203125
712.9598388671875
714.95208740234375
716.47296142578125
717.4481201171875
718.1912841796875
718.99761962890625
720.16943359375
722.22247314453125
725.264404296875
728.69256591796875
732.1160888671875
735.16387939453125
738.5753173828125
743.03131103515625
746.633544921875
749.52227783203125
752.97674560546875
755.26806640625
756.82659912109375
759.2176513671875
762.36016845703125
764.30194091796875
767.09381103515625
769.52935791015625
770.44573974609375
770.51318359375
771.62255859375
771.79583740234375
773.6151123046875
775.4158935546875
777.5224609375
780.71514892578125
784.32440185546875
787.6456298828125
790.78900146484375
794.1142578125
797.5489501953125
801.296630859375
808.53485107421875
813.1531982421875
813.740478515625
817.1405029296875
821.11083984375
822.70013427734375
822.95068359375
823.642333984375
826.6810302734375
830.49700927734375
831.1856689453125
831.97406005859375
833.7520751953125
835.4423828125
837.05029296875
838.98187255859375
841.80908203125
847.11724853515625
852.59478759765625
856.20947265625
858.71002197265625
862.362548828125
867.76251220703125
871.61395263671875
875.0047607421875
879.8619384765625
883.3670654296875
887.66552734375
893.22503662109375
898.1895751953125
902.87646484375
907.5108642578125
911.08062744140625
914.279541015625
917.4052734375
918.1832275390625
919.28448486328125
922.79876708984375
927.177978515625
932.2093505859375
937.12884521484375
943.44842529296875
947.42578125
942.95843505859375
943.51373291015625
947.393310546875
953.11376953125
954.51141357421875
953.0045166015625
955.958251953125
959.213623046875
962.2646484375
965.00018310546875
966.6650390625
966.60198974609375
972.072998046875
978.20050048828125
983.32586669921875
987.2401123046875
989.98785400390625
991.603759765625
994.2369384765625
996.335693359375
996.097412109375
998.15301513671875
1001.8782348632810226
1005.3394165039060226
1008.83837890625
1013.3345336914060226
1018.3397827148439774
1021.904296875
1026.03564453125
1029.3660888671879547
1033.4781494140620453
1036.208740234375
1045.095458984375
1048.816650390625
1051.684814453125
1058.2994384765620453
1065.138671875
1069.9241943359379547
1074.7342529296879547
1080.8201904296879547
1087.5396728515620453
1094.492431640625
1101.8575439453120453
1108.81103515625
1115.2454833984379547
1120.740478515625
1126.11572265625
1131.2327880859379547
1133.52392578125
1136.359375
1139.8150634765620453
1142.2352294921879547
1144.91162109375
1148.1612548828120453
1155.822265625
1159.875244140625
1162.2344970703120453
1167.2918701171879547
1170.963134765625
1173.503173828125
1176.6724853515620453
1180.0413818359379547
1182.8963623046879547
1186.1185302734379547
1189.8580322265620453
1194.9815673828120453
1201.0379638671879547
1205.875
1210.062744140625
1215.6441650390620453
1221.7022705078120453
1226.769775390625
1231.5640869140620453
1237.907958984375
1243.43359375
1247.64404296875
1251.69775390625
1255.3741455078120453
1259.9052734375
1264.906982421875
1269.8671875
1273.47412109375
1276.368896484375
1279.5035400390620453
1283.81640625
1288.283935546875
1292.5804443359379547
1298.3992919921879547
1303.1142578125
1306.2803955078120453
1308.3955078125
1311.9188232421879547
1317.0323486328120453
1321.394287109375
1325.65625
1330.750732421875
1334.928955078125
1338.858154296875
1343.2701416015620453
1350.02490234375
1357.9405517578120453
1363.8875732421879547
1368.22216796875
1371.119873046875
1372.453125
1374.2476806640620453
1376.647216796875
1379.72314453125
1384.2869873046879547
1388.9208984375
1392.986572265625
1396.069580078125
1399.0831298828120453
1402.076416015625
1405.988525390625
1410.6771240234379547
1414.86279296875
1417.3916015625
1422.0496826171879547
1427.512939453125
1431.523681640625
1435.6597900390620453
1440.6248779296879547
1444.161376953125
1447.6080322265620453
1451.323974609375
1453.8160400390620453
1457.057373046875
1461.7747802734379547
1466.2926025390620453
1470.5301513671879547
1477.4197998046879547
1483.4603271484379547
1485.7593994140620453
1487.7078857421879547
1490.803955078125
1495.1888427734379547
1499.6544189453120453
1504.3321533203120453
1508.9842529296879547
1513.8529052734379547
1518.8677978515620453
1522.5098876953120453
1526.72802734375
1532.5482177734379547
1536.390625
1540.79736328125
1545.7021484375
1549.8360595703120453
1553.70166015625
1558.3651123046879547
1562.5087890625
1566.3343505859379547
1570.4957275390620453
1573.8746337890620453
1577.6285400390620453
1582.47607421875
1588.32080078125
1594.2369384765620453
1597.897216796875
1601.7452392578120453
1606.2183837890620453
1611.2882080078120453
1616.097412109375
1620.5343017578120453
1627.002685546875
1634.58447265625
1642.531005859375
1645.971923828125
1650.609130859375
1656.6212158203120453
1660.1561279296879547
1663.0728759765620453
1665.385986328125
1668.192626953125
1671.1673583984379547
1674.2552490234379547
1676.95361328125
1679.2242431640620453
1680.9715576171879547
1682.6641845703120453
1684.55859375
1686.6201171875
1688.571533203125
1690.430908203125
1692.2509765625
1694.3980712890620453
1696.9486083984379547
1699.69921875
1701.23828125
1702.8941650390620453
1705.3126220703120453
1707.900634765625
1710.521484375
1712.281982421875
1714.143310546875
1716.3709716796879547
1719.2386474609379547
1722.2567138671879547
1725.2784423828120453
1727.8365478515620453
1730.182373046875
1731.896728515625
1732.6397705078120453
1734.1229248046879547
1736.05810546875
1737.718017578125
1739.838623046875
1742.7330322265620453
1746.7716064453120453
1749.901611328125
1751.838134765625
1753.3233642578120453
1755.1541748046879547
1757.396240234375
1759.685791015625
1761.65185546875
1763.537109375
1765.6751708984379547
1767.9937744140620453
1770.629638671875
1773.5177001953120453
1776.4888916015620453
1779.6751708984379547
1783.1396484375
1786.3116455078120453
1789.58447265625
1793.3321533203120453
1796.6392822265620453
1799.834228515625
1803.5736083984379547
1807.0123291015620453
1810.2220458984379547
1813.7928466796879547
1817.5931396484379547
1821.4583740234379547
1825.37109375
1829.6044921875
1833.991455078125
1838.3839111328120453
1842.2066650390620453
1845.894775390625
1849.8504638671879547
1853.235595703125
1856.4541015625
1860.05078125
1863.793701171875
1867.638671875
1871.542236328125
1875.3909912109379547
1879.05029296875
1882.109130859375
1884.97509765625
1887.7281494140620453
1890.39306640625
1892.6954345703120453
1895.22265625
1898.7872314453120453
1903.109619140625
1907.9193115234379547
1913.570556640625
1918.9630126953120453
1924.3165283203120453
1929.6595458984379547
1935.3232421875
1941.1085205078120453
1945.744140625
1950.106689453125
1954.565185546875
1959.7012939453120453
1964.686767578125
1969.31640625
1974.80908203125
1980.62451171875
1986.8856201171879547
1991.812744140625
1997.0814208984379547
2003.125
2009.1259765625
2015.9278564453120453
2022.6754150390620453
2029.47607421875
2035.676025390625
2040.7474365234379547
2044.5870361328120453
2049.237548828125
2054.130859375
2056.328125
2057.14306640625
2056.817626953125
2055.751220703125
2055.43798828125
2056.179443359375
2057.6748046875
2060.162109375
2063.18505859375
2066.321533203125
2069.07421875
2071.89599609375
2074.9443359375
2078.10791015625
2081.005126953125
2083.718505859375
2086.621337890625
2090.049560546875
2093.319580078125
2096.962890625
2100.687744140625
2104.42431640625
2107.79345703125
2111.471435546875
2115.8603515625
2121.0947265625
2126.895263671875
2132.6748046875
2138.0078125
2143.009521484375
2147.650390625
2152.281005859375
2156.865966796875
2161.3798828125
2165.002685546875
2168.8798828125
2173.474609375
2177.909912109375
2182.766845703125
2187.570556640625
2192.03955078125
2196.7724609375
2202.328857421875
2208.384033203125
2213.3505859375
2219.073486328125
2225.080322265625
2230.281982421875
2234.98291015625
2239.654052734375
2244.28076171875
2249.50341796875
2254.7490234375
2259.634521484375
2264.173583984375
2268.75634765625
2273.075439453125
2277.46875
2282.165771484375
2287.316162109375
2292.51123046875
2297.739013671875
2302.727783203125
2306.563232421875
2310.4033203125
2314.918212890625
2319.29638671875
2322.79052734375
2327.205810546875
2331.854248046875
2335.319091796875
2335.716064453125
2336.593994140625
2336.640625
2336.331787109375
2336.7646484375
2338.075439453125
2338.989501953125
2339.668701171875
2340.322998046875
2340.87744140625
2341.024169921875
2341.248046875
2341.31591796875
2340.962890625
2340.595458984375
2340.6259765625
2339.50927734375
2338.994873046875
2338.75537109375
2338.7861328125
2338.74560546875
2338.75341796875
2338.414794921875
2336.911376953125
2335.227294921875
2332.299072265625
2329.852294921875
2333.972412109375
2339.13330078125
2341.7822265625
2343.1220703125
2341.727294921875
2341.959716796875
2343.009521484375
2344.316650390625
2346.170654296875
2347.24755859375
2347.989013671875
2348.336181640625
2349.675537109375
2350.765869140625
2350.967041015625
2350.947021484375
2352.75244140625
2354.2021484375
2355.196533203125
2355.9052734375
2356.57666015625
2357.162109375
2358.2490234375
2358.331298828125
2356.2861328125
2351.838134765625
2347.804443359375
2344.023193359375
2339.8095702999999048
