692.624
695.787
698.951
702.117
705.285
708.458
711.634
714.816
718.004
721.2
724.403
727.616
730.838
734.071
737.316
740.574
743.845
747.13
750.431
753.747
757.081
760.433
763.804
767.194
770.605
774.038
777.493
780.971
784.474
788.002
791.556
795.137
798.746
802.383
806.05
809.748
813.477
817.239
821.033
824.862
828.726
832.626
836.563
840.537
844.55
848.603
852.696
856.83
861.007
865.226
869.49
873.799
878.153
882.555
887.003
891.501
896.048
900.645
905.293
909.993
914.747
919.554
924.416
929.334
934.308
939.34
944.431
949.58
954.79
960.061
965.391
970.779
976.224
981.724
987.278
992.884
998.541
1004.25
1010
1015.81
1021.65
1027.54
1033.48
1039.45
1045.46
1051.52
1057.6
1063.73
1069.89
1076.08
1082.3
1088.55
1094.83
1101.13
1107.46
1113.82
1120.2
1126.59
1133.01
1139.45
1145.9
1152.37
1158.85
1165.34
1171.85
1178.37
1184.89
1191.42
1197.95
1204.49
1211.03
1217.58
1224.12
1230.66
1237.2
1243.73
1250.25
1256.77
1263.28
1269.78
1276.27
1282.74
1289.2
1295.65
1302.07
1308.48
1314.87
1321.23
1327.57
1333.89
1340.18
1346.44
1352.68
1358.88
1365.05
1371.19
1377.3
1383.36
1389.4
1395.4
1401.36
1407.29
1413.19
1419.06
1424.9
1430.7
1436.48
1442.23
1447.94
1453.63
1459.3
1464.94
1470.55
1476.13
1481.7
1487.23
1492.75
1498.24
1503.71
1509.16
1514.59
1520
1525.39
1530.77
1536.12
1541.46
1546.78
1552.09
1557.38
1562.65
1567.92
1573.17
1578.41
1583.63
1588.85
1594.05
1599.25
1604.43
1609.61
1614.78
1619.95
1625.1
1630.26
1635.4
1640.55
1645.69
1650.82
1655.96
1661.09
1666.22
1671.35
1676.49
1681.62
1686.76
1691.89
1697.04
1702.18
1707.33
1712.49
1717.65
1722.81
1727.99
1733.17
1738.36
1743.56
1748.77
1753.99
1759.22
1764.46
1769.71
1774.97
1780.23
1785.51
1790.79
1796.09
1801.39
1806.7
1812.01
1817.34
1822.67
1828.01
1833.36
1838.71
1844.08
1849.44
1854.82
1860.2
1865.59
1870.99
1876.39
1881.8
1887.22
1892.64
1898.06
1903.5
1908.93
1914.38
1919.82
1925.28
1930.74
1936.2
1941.67
1947.14
1952.61
1958.09
1963.58
1969.07
1974.56
1980.05
1985.55
1991.06
1996.56
2002.07
2007.58
2013.1
2018.61
2024.13
2029.65
2035.18
2040.7
2046.23
2051.76
2057.29
2062.82
2068.36
2073.89
2079.43
2084.96
2090.5
2096.04
2101.57
2107.11
