692.624
-2387.96
-4308.63
-5355.13
-5758.07
-5701.76
-5331.85
-4761.86
-4078.83
-3348.12
-2617.49
-1920.57
-1279.76
-708.658
-214.099
202.176
542.157
810.447
1013.38
1158.31
1253.08
1305.58
1323.46
1313.9
1283.48
1238.05
1182.74
1121.91
1059.2
997.519
939.165
885.837
838.715
798.534
765.644
740.078
721.616
709.835
704.167
703.941
708.426
716.859
728.48
742.553
758.381
775.326
792.815
810.344
827.488
843.896
859.291
873.467
886.286
897.667
907.585
916.062
923.16
928.972
933.618
937.237
939.98
942.007
943.477
944.551
945.38
946.106
946.863
947.766
948.917
950.404
952.295
954.645
957.491
960.855
964.747
969.162
974.086
979.494
985.352
991.622
998.258
1005.21
1012.44
1019.88
1027.49
1035.22
1043.03
1050.87
1058.71
1066.51
1074.24
1081.89
1089.43
1096.86
1104.15
1111.33
1118.37
1125.29
1132.1
1138.81
1145.43
1151.97
1158.47
1164.92
1171.35
1177.78
1184.21
1190.68
1197.18
1203.73
1210.33
1217
1223.74
1230.54
1237.41
1244.34
1251.33
1258.37
1265.44
1272.54
1279.65
1286.76
1293.85
1300.91
1307.93
1314.88
1321.76
1328.54
1335.23
1341.81
1348.26
1354.59
1360.79
1366.85
1372.78
1378.59
1384.26
1389.82
1395.27
1400.63
1405.89
1411.09
1416.24
1421.35
1426.44
1431.54
1436.65
1441.81
1447.02
1452.31
1457.69
1463.18
1468.8
1474.54
1480.43
1486.47
1492.66
1499.01
1505.52
1512.18
1518.99
1525.95
1533.03
1540.22
1547.51
1554.89
1562.33
1569.81
1577.3
1584.79
1592.24
1599.64
1606.96
1614.18
1621.26
1628.19
1634.95
1641.51
1647.87
1653.99
1659.88
1665.52
1670.89
1676.01
1680.87
1685.46
1689.8
1693.88
1697.73
1701.36
1704.77
1708
1711.06
1713.97
1716.75
1719.44
1722.05
1724.62
1727.17
1729.72
1732.3
1734.94
1737.65
1740.46
1743.39
1746.45
1749.65
1753.01
1756.54
1760.24
1764.11
1768.16
1772.39
1776.78
1781.33
1786.03
1790.88
1795.85
1800.94
1806.13
1811.41
1816.76
1822.18
1827.65
1833.16
1838.71
1844.28
1849.87
1855.49
1861.13
1866.81
1872.52
1878.27
1884.09
1889.99
1895.97
1902.07
1908.29
1914.65
1921.18
1927.88
1934.77
1941.86
1949.14
1956.63
1964.3
1972.16
1980.16
1988.28
1996.49
2004.74
2012.96
2021.1
2029.09
2036.84
2044.27
2051.31
2057.85
2063.83
2069.16
2073.76
2077.59
2080.58
2082.72
2084
2084.45
2084.11
2083.08
2081.49
2079.49
2077.31
2075.19
2073.42
2072.35
2072.34
2073.8
2077.15
2082.85
2091.33
2103.01
2118.29
2137.51
2160.93
2188.67
2220.76
2257.02
2297.07
2340.28
2385.75
2432.23
2478.15
2521.53
2560.01
2590.79
2610.67
2616.07
2603.05
2567.39
2504.72
2410.68
2281.09
2112.27
1901.38
1646.87
1349.04
1010.72
638.101
241.781
-162.067
-550.232
-890.759
-1140.94
-1244.97
-1131.17
-708.823
135.547
1542.43
