0
6.661400000000000432
13.321999999999999176
19.984000000000001762
26.644999999999999574
33.30700000000000216
39.968000000000003524
46.630000000000002558
53.290999999999996817
59.953000000000002956
66.61400000000000432
73.275000000000005684
79.936999999999997613
86.597999999999998977
93.260000000000005116
99.92100000000000648
106.57999999999999829
113.23999999999999488
119.90000000000000568
126.56000000000000227
133.21999999999999886
139.88999999999998636
146.55000000000001137
153.21000000000000796
159.87000000000000455
166.53000000000000114
173.18999999999999773
179.84999999999999432
186.52000000000001023
193.18000000000000682
199.84000000000000341
206.5
213.15999999999999659
219.81999999999999318
226.47999999999998977
233.15000000000000568
239.81000000000000227
246.46999999999999886
253.12999999999999545
259.79000000000002046
266.44999999999998863
273.11000000000001364
279.77999999999997272
286.43999999999999773
293.10000000000002274
299.75999999999999091
306.42000000000001592
313.07999999999998408
319.74000000000000909
326.41000000000002501
333.06999999999999318
339.73000000000001819
346.38999999999998636
353.05000000000001137
359.70999999999997954
366.37000000000000455
373.04000000000002046
379.69999999999998863
386.36000000000001364
393.01999999999998181
399.68000000000000682
406.33999999999997499
413
419.67000000000001592
426.32999999999998408
432.99000000000000909
439.64999999999997726
446.31000000000000227
452.97000000000002728
459.62999999999999545
466.30000000000001137
472.95999999999997954
479.62000000000000455
486.27999999999997272
492.93999999999999773
499.60000000000002274
506.26999999999998181
512.92999999999994998
519.59000000000003183
526.25
532.90999999999996817
539.57000000000005002
546.23000000000001819
552.89999999999997726
559.55999999999994543
566.22000000000002728
572.87999999999999545
579.53999999999996362
586.20000000000004547
592.86000000000001364
599.52999999999997272
606.19000000000005457
612.85000000000002274
619.50999999999999091
626.16999999999995907
632.83000000000004093
639.49000000000000909
646.15999999999996817
652.82000000000005002
659.48000000000001819
666.13999999999998636
672.79999999999995453
679.46000000000003638
686.12000000000000455
692.78999999999996362
699.45000000000004547
706.11000000000001364
712.76999999999998181
719.42999999999994998
726.09000000000003183
732.75
739.41999999999995907
746.08000000000004093
752.74000000000000909
759.39999999999997726
766.05999999999994543
772.72000000000002728
779.37999999999999545
786.04999999999995453
792.71000000000003638
799.37000000000000455
806.02999999999997272
812.69000000000005457
819.35000000000002274
826.00999999999999091
832.67999999999994998
839.34000000000003183
846
852.65999999999996817
859.32000000000005002
865.98000000000001819
872.63999999999998636
879.30999999999994543
885.97000000000002728
892.62999999999999545
899.28999999999996362
905.95000000000004547
912.61000000000001364
919.26999999999998181
925.94000000000005457
932.60000000000002274
939.25999999999999091
945.91999999999995907
952.58000000000004093
959.24000000000000909
965.89999999999997726
972.57000000000005002
979.23000000000001819
985.88999999999998636
992.54999999999995453
999.21000000000003638
1005.7999999999999545
1012.5
1019.2000000000000455
1025.7999999999999545
1032.5
1039.0999999999999091
1045.7999999999999545
1052.5
1059.0999999999999091
1065.7999999999999545
1072.4000000000000909
1079.0999999999999091
1085.7999999999999545
1092.4000000000000909
1099.0999999999999091
1105.7999999999999545
1112.4000000000000909
1119.0999999999999091
1125.7000000000000455
1132.4000000000000909
1139.0999999999999091
1145.7000000000000455
1152.4000000000000909
1159
1165.7000000000000455
1172.4000000000000909
1179
1185.7000000000000455
1192.2999999999999545
1199
1205.7000000000000455
1212.2999999999999545
1219
1225.7000000000000455
1232.2999999999999545
1239
1245.5999999999999091
1252.2999999999999545
1259
1265.5999999999999091
1272.2999999999999545
1278.9000000000000909
1285.5999999999999091
1292.2999999999999545
1298.9000000000000909
1305.5999999999999091
1312.2999999999999545
1318.9000000000000909
1325.5999999999999091
1332.2000000000000455
1338.9000000000000909
1345.5999999999999091
1352.2000000000000455
1358.9000000000000909
1365.5
1372.2000000000000455
1378.9000000000000909
1385.5
1392.2000000000000455
1398.9000000000000909
1405.5
1412.2000000000000455
1418.7999999999999545
1425.5
1432.2000000000000455
1438.7999999999999545
1445.5
1452.0999999999999091
1458.7999999999999545
1465.5
1472.0999999999999091
1478.7999999999999545
1485.5
1492.0999999999999091
1498.7999999999999545
1505.4000000000000909
1512.0999999999999091
1518.7999999999999545
1525.4000000000000909
1532.0999999999999091
1538.7000000000000455
1545.4000000000000909
1552.0999999999999091
1558.7000000000000455
1565.4000000000000909
1572.0999999999999091
1578.7000000000000455
1585.4000000000000909
1592
1598.7000000000000455
1605.4000000000000909
1612
1618.7000000000000455
1625.2999999999999545
1632
1638.7000000000000455
1645.2999999999999545
1652
1658.7000000000000455
1665.2999999999999545
1672
1678.5999999999999091
1685.2999999999999545
1692
1698.5999999999999091
1705.2999999999999545
1711.9000000000000909
1718.5999999999999091
1725.2999999999999545
1731.9000000000000909
1738.5999999999999091
1745.2000000000000455
1751.9000000000000909
1758.5999999999999091
1765.2000000000000455
1771.9000000000000909
1778.5999999999999091
1785.2000000000000455
1791.9000000000000909
1798.5
1805.2000000000000455
1811.9000000000000909
1818.5
1825.2000000000000455
1831.7999999999999545
1838.5
1845.2000000000000455
1851.7999999999999545
1858.5
1865.2000000000000455
1871.7999999999999545
1878.5
1885.0999999999999091
1891.7999999999999545
1898.5
1905.0999999999999091
1911.7999999999999545
1918.4000000000000909
1925.0999999999999091
1931.7999999999999545
1938.4000000000000909
1945.0999999999999091
1951.7999999999999545
1958.4000000000000909
1965.0999999999999091
1971.7000000000000455
1978.4000000000000909
1985.0999999999999091
1991.7000000000000455
1998.4000000000000909
2005
2011.7000000000000455
2018.4000000000000909
2025
2031.7000000000000455
2038.4000000000000909
2045
2051.6999999999998181
2058.3000000000001819
2065
2071.6999999999998181
2078.3000000000001819
2085
2091.5999999999999091
2098.3000000000001819
2105
2111.5999999999999091
2118.3000000000001819
2125
2131.5999999999999091
2138.3000000000001819
2144.9000000000000909
2151.5999999999999091
2158.3000000000001819
2164.9000000000000909
2171.5999999999999091
2178.1999999999998181
2184.9000000000000909
2191.5999999999999091
2198.1999999999998181
2204.9000000000000909
2211.5999999999999091
2218.1999999999998181
2224.9000000000000909
2231.5
2238.1999999999998181
2244.9000000000000909
2251.5
2258.1999999999998181
2264.8000000000001819
2271.5
2278.1999999999998181
2284.8000000000001819
2291.5
2298.0999999999999091
2304.8000000000001819
2311.5
2318.0999999999999091
2324.8000000000001819
2331.5
2338.0999999999999091
2344.8000000000001819
2351.4000000000000909
2358.0999999999999091
2364.8000000000001819
2371.4000000000000909
2378.0999999999999091
2384.6999999999998181
2391.4000000000000909
2398.0999999999999091
2404.6999999999998181
2411.4000000000000909
2418.0999999999999091
2424.6999999999998181
2431.4000000000000909
2438
2444.6999999999998181
2451.4000000000000909
2458
2464.6999999999998181
2471.3000000000001819
2478
2484.6999999999998181
2491.3000000000001819
2498
2504.6999999999998181
2511.3000000000001819
2518
2524.5999999999999091
2531.3000000000001819
2538
2544.5999999999999091
2551.3000000000001819
2557.9000000000000909
2564.5999999999999091
2571.3000000000001819
2577.9000000000000909
2584.5999999999999091
2591.3000000000001819
2597.9000000000000909
2604.5999999999999091
2611.1999999999998181
2617.9000000000000909
2624.5999999999999091
2631.1999999999998181
2637.9000000000000909
2644.5
2651.1999999999998181
2657.9000000000000909
2664.5
2671.1999999999998181
2677.9000000000000909
2684.5
2691.1999999999998181
2697.8000000000001819
2704.5
2711.1999999999998181
2717.8000000000001819
2724.5
2731.0999999999999091
2737.8000000000001819
2744.5
2751.0999999999999091
2757.8000000000001819
2764.5
2771.0999999999999091
2777.8000000000001819
2784.4000000000000909
2791.0999999999999091
2797.8000000000001819
2804.4000000000000909
2811.0999999999999091
2817.6999999999998181
2824.4000000000000909
2831.0999999999999091
2837.6999999999998181
2844.4000000000000909
2851
2857.6999999999998181
2864.4000000000000909
2871
2877.6999999999998181
2884.4000000000000909
2891
2897.6999999999998181
2904.3000000000001819
2911
2917.6999999999998181
2924.3000000000001819
2931
2937.5999999999999091
2944.3000000000001819
2951
2957.5999999999999091
2964.3000000000001819
2971
2977.5999999999999091
2984.3000000000001819
2990.9000000000000909
2997.5999999999999091
3004.3000000000001819
3010.9000000000000909
3017.5999999999999091
3024.1999999999998181
3030.9000000000000909
3037.5999999999999091
3044.1999999999998181
3050.9000000000000909
3057.5999999999999091
3064.1999999999998181
3070.9000000000000909
3077.5
3084.1999999999998181
3090.9000000000000909
3097.5
3104.1999999999998181
3110.8000000000001819
3117.5
3124.1999999999998181
3130.8000000000001819
3137.5
3144.1999999999998181
3150.8000000000001819
3157.5
3164.0999999999999091
3170.8000000000001819
3177.5
3184.0999999999999091
3190.8000000000001819
3197.4000000000000909
3204.0999999999999091
3210.8000000000001819
3217.4000000000000909
3224.0999999999999091
3230.8000000000001819
3237.4000000000000909
3244.0999999999999091
3250.6999999999998181
3257.4000000000000909
3264.0999999999999091
3270.6999999999998181
3277.4000000000000909
3284
3290.6999999999998181
3297.4000000000000909
3304
3310.6999999999998181
3317.4000000000000909
3324
3330.6999999999998181
3337.3000000000001819
3344
3350.6999999999998181
3357.3000000000001819
3364
3370.5999999999999091
3377.3000000000001819
3384
3390.5999999999999091
3397.3000000000001819
3404
