692.624
392.341
174.161
23.8332
-71.0049
-121.03
-135.415
-121.999
-87.4364
-37.3363
23.6122
91.5271
163.231
236.161
308.283
378.02
444.184
505.921
562.653
614.036
659.918
700.302
735.316
765.186
790.21
810.741
827.168
839.9
849.356
855.957
860.111
862.213
862.636
861.731
859.819
857.194
854.119
850.828
847.523
844.378
841.541
839.129
837.239
835.941
835.285
835.304
836.011
837.405
839.473
842.19
845.522
849.428
853.861
858.769
864.099
869.795
875.802
882.064
888.528
895.142
901.86
908.636
915.429
922.204
928.928
935.575
942.121
948.548
954.843
960.997
967.003
972.862
978.575
984.148
989.59
994.91
1000.12
1005.24
1010.29
1015.27
1020.22
1025.14
1030.06
1035
1039.97
1044.99
1050.08
1055.26
1060.53
1065.9
1071.4
1077.02
1082.78
1088.68
1094.73
1100.91
1107.25
1113.72
1120.34
1127.08
1133.96
1140.95
1148.04
1155.24
1162.52
1169.88
1177.29
1184.76
1192.25
1199.77
1207.29
1214.8
1222.29
1229.75
1237.16
1244.51
1251.79
1259
1266.12
1273.14
1280.07
1286.89
1293.6
1300.2
1306.69
1313.07
1319.34
1325.5
1331.56
1337.53
1343.4
1349.2
1354.91
1360.57
1366.16
1371.72
1377.23
1382.73
1388.21
1393.7
1399.2
1404.72
1410.27
1415.88
1421.53
1427.25
1433.05
1438.92
1444.89
1450.95
1457.11
1463.36
1469.73
1476.19
1482.77
1489.44
1496.22
1503.09
1510.04
1517.08
1524.2
1531.37
1538.6
1545.87
1553.17
1560.49
1567.8
1575.1
1582.37
1589.6
1596.76
1603.84
1610.84
1617.72
1624.48
1631.09
1637.56
1643.86
1649.98
1655.91
1661.64
1667.16
1672.47
1677.55
1682.42
1687.06
1691.47
1695.65
1699.62
1703.37
1706.92
1710.27
1713.43
1716.41
1719.24
1721.93
1724.5
1726.96
1729.33
1731.65
1733.92
1736.18
1738.45
1740.75
1743.11
1745.56
1748.11
1750.79
1753.63
1756.63
1759.84
1763.26
1766.91
1770.81
1774.97
1779.4
1784.11
1789.1
1794.38
1799.94
1805.79
1811.91
1818.3
1824.95
1831.83
1838.92
1846.22
1853.68
1861.29
1869.01
1876.82
1884.67
1892.54
1900.39
1908.17
1915.86
1923.42
1930.81
1937.99
1944.94
1951.62
1958.01
1964.08
1969.81
1975.19
1980.2
1984.84
1989.12
1993.04
1996.61
1999.87
2002.82
2005.53
2008.02
2010.35
2012.59
2014.79
2017.03
2019.39
2021.95
2024.81
2028.06
2031.78
2036.08
2041.05
2046.78
2053.36
2060.86
2069.36
2078.93
2089.59
2101.39
2114.32
2128.38
2143.53
2159.69
2176.77
2194.63
2213.1
2231.97
2250.98
2269.85
2288.23
2305.74
2321.94
2336.37
2348.5
2357.8
2363.66
2365.49
2362.64
2354.49
2340.39
2319.73
2291.95
2256.52
2213.03
2161.15
2100.74
2031.83
1954.69
1869.87
1778.28
1681.24
1580.54
1478.57
1378.34
1283.66
1199.21
1130.68
1084.88
1069.96
1095.53
1172.85
1315.06
1537.41
1857.46
2295.4
