0
495.802
991.605
1487.41
1983.21
2479.01
2974.81
3470.62
3966.42
4462.22
4958.02
5453.83
5949.63
6445.43
6941.23
7437.04
7932.84
8428.64
8924.44
9420.25
9916.05
10411.9
10907.7
11403.5
11899.3
12395.1
12890.9
13386.7
13882.5
14378.3
14874.1
15369.9
15865.7
16361.5
16857.3
17353.1
17848.9
18344.7
18840.5
19336.3
19832.1
20327.9
20823.7
21319.5
21815.3
22311.1
22806.9
23302.7
23798.5
24294.3
24790.1
25285.9
25781.7
26277.5
26773.3
27269.1
27764.9
28260.7
28756.5
29252.3
29748.1
30244
30739.8
31235.6
31731.4
32227.2
32723
33218.8
33714.6
34210.4
34706.2
35202
35697.8
36193.6
36689.4
37185.2
37681
38176.8
38672.6
39168.4
39664.2
40160
40655.8
41151.6
41647.4
42143.2
42639
43134.8
43630.6
44126.4
44622.2
45118
45613.8
46109.6
46605.4
47101.2
47597
48092.8
48588.6
49084.4
49580.2
50076
50571.9
51067.7
51563.5
52059.3
52555.1
53050.9
53546.7
54042.5
54538.3
55034.1
55529.9
56025.7
56521.5
57017.3
57513.1
58008.9
58504.7
59000.5
59496.3
59992.1
60487.9
60983.7
61479.5
61975.3
62471.1
62966.9
63462.7
63958.5
64454.3
64950.1
65445.9
65941.7
66437.5
66933.3
67429.1
67924.9
68420.7
68916.5
69412.3
69908.1
70404
70899.8
71395.6
71891.4
72387.2
72883
73378.8
73874.6
74370.4
74866.2
75362
75857.8
76353.6
76849.4
77345.2
77841
78336.8
78832.6
79328.4
79824.2
80320
80815.8
81311.6
81807.4
82303.2
82799
83294.8
83790.6
84286.4
84782.2
85278
85773.8
86269.6
86765.4
87261.2
87757
88252.8
88748.6
89244.4
89740.2
90236
90731.9
91227.7
91723.5
92219.3
92715.1
93210.9
93706.7
94202.5
94698.3
95194.1
95689.9
96185.7
96681.5
97177.3
97673.1
98168.9
98664.7
99160.5
99656.3
100152
100648
101144
101640
102135
102631
103127
103623
104119
104614
105110
105606
106102
106598
107093
107589
108085
108581
109077
109572
110068
110564
111060
111556
112051
112547
113043
113539
114035
114530
115026
115522
116018
116514
117009
117505
118001
118497
118993
119488
119984
120480
120976
121472
121967
122463
122959
123455
123951
124446
124942
125438
125934
126430
126925
127421
127917
128413
128909
129404
129900
130396
130892
131388
131883
132379
132875
133371
133867
134362
134858
135354
135850
136346
136841
137337
137833
138329
138825
139320
139816
140312
140808
141304
141800
142295
142791
143287
143783
144279
144774
145270
145766
146262
146758
147253
147749
148245
148741
149237
149732
150228
150724
151220
151716
152211
152707
153203
153699
154195
154690
155186
155682
156178
156674
157169
157665
158161
158657
159153
159648
160144
160640
161136
161632
162127
162623
163119
163615
164111
164606
165102
165598
166094
166590
167085
167581
168077
168573
169069
169564
170060
170556
171052
171548
172043
172539
173035
173531
174027
174522
175018
175514
176010
176506
177001
177497
177993
178489
178985
179480
179976
180472
180968
181464
181960
182455
182951
183447
183943
184439
184934
185430
185926
186422
186918
187413
187909
188405
188901
189397
189892
190388
190884
191380
191876
192371
192867
193363
193859
194355
194850
195346
195842
196338
196834
197329
197825
198321
198817
199313
199808
200304
200800
201296
201792
202287
202783
203279
203775
204271
204766
205262
205758
206254
206750
207245
207741
208237
208733
209229
209724
210220
210716
211212
211708
212203
212699
213195
213691
214187
214682
215178
215674
216170
216666
217161
217657
218153
218649
219145
219640
220136
220632
221128
221624
222120
222615
223111
223607
224103
224599
225094
225590
226086
226582
227078
227573
228069
228565
229061
229557
230052
230548
231044
231540
232036
232531
233027
233523
234019
234515
235010
235506
236002
236498
236994
237489
237985
238481
238977
239473
239968
240464
240960
241456
241952
242447
242943
243439
243935
244431
244926
245422
245918
246414
246910
247405
247901
248397
248893
249389
249884
250380
250876
251372
251868
252363
252859
614680
