0.388275
1.32794
2.16569
2.90755
3.55933
4.12658
4.61463
5.02856
5.37327
5.65341
5.87344
6.03763
6.15003
6.21453
6.23484
6.21446
6.15676
6.06493
5.94201
5.79086
5.61424
5.41473
5.19478
4.95672
4.70274
4.43491
4.15518
3.86541
3.5673
3.26249
2.95249
2.63874
2.32257
2.0052
1.68781
1.37145
1.05712
0.745738
0.438146
0.135118
-0.162641
-0.454485
-0.739833
-1.01816
-1.28899
-1.55191
-1.80656
-2.0526
-2.28977
-2.51784
-2.7366
-2.9459
-3.14563
-3.33571
-3.51607
-3.68669
-3.84759
-3.99878
-4.14034
-4.27234
-4.39487
-4.50806
-4.61205
-4.707
-4.79307
-4.87046
-4.93936
-4.99998
-5.05255
-5.09729
-5.13445
-5.16426
-5.187
-5.2029
-5.21224
-5.21529
-5.21231
-5.20357
-5.18935
-5.16993
-5.14557
-5.11656
-5.08316
-5.04564
-5.00428
-4.95934
-4.91107
-4.85976
-4.80563
-4.74896
-4.68997
-4.62892
-4.56604
-4.50157
-4.43571
-4.3687
-4.30074
-4.23204
-4.1628
-4.09321
-4.02345
-3.9537
-3.88414
-3.81493
-3.74622
-3.67816
-3.6109
-3.54457
-3.4793
-3.41521
-3.3524
-3.29099
-3.23108
-3.17276
-3.11611
-3.06121
-3.00813
-2.95694
-2.90769
-2.86044
-2.81523
-2.7721
-2.73109
-2.69221
-2.6555
-2.62096
-2.58861
-2.55846
-2.5305
-2.50473
-2.48113
-2.45971
-2.44043
-2.42327
-2.40821
-2.39522
-2.38427
-2.37531
-2.3683
-2.36321
-2.35998
-2.35856
-2.35891
-2.36097
-2.36468
-2.36999
-2.37683
-2.38514
-2.39486
-2.40593
-2.41828
-2.43184
-2.44655
-2.46233
-2.47913
-2.49687
-2.51548
-2.53489
-2.55505
-2.57587
-2.59729
-2.61925
-2.64167
-2.66449
-2.68766
-2.71109
-2.73474
-2.75854
-2.78243
-2.80636
-2.83026
-2.85408
-2.87777
-2.90128
-2.92456
-2.94756
-2.97023
-2.99253
-3.01443
-3.03588
-3.05684
-3.07729
-3.09718
-3.11649
-3.1352
-3.15327
-3.17068
-3.18742
-3.20346
-3.21879
-3.23341
-3.24728
-3.26042
-3.27281
-3.28444
-3.29533
-3.30546
-3.31485
-3.32349
-3.33141
-3.33859
-3.34507
-3.35084
-3.35594
-3.36037
-3.36416
-3.36733
-3.36989
-3.37189
-3.37334
-3.37427
-3.37471
-3.3747
-3.37426
-3.37343
-3.37224
-3.37073
-3.36895
-3.36691
-3.36467
-3.36226
-3.35972
-3.35709
-3.35442
-3.35174
-3.34909
-3.34652
-3.34406
-3.34177
-3.33967
-3.33781
-3.33623
-3.33497
-3.33406
-3.33356
-3.33348
-3.33388
-3.33479
-3.33623
-3.33825
-3.34088
-3.34415
-3.34809
-3.35272
-3.35807
-3.36417
-3.37105
-3.37871
-3.38719
-3.3965
-3.40665
-3.41766
-3.42954
-3.4423
-3.45594
-3.47048
-3.48591
-3.50223
-3.51944
-3.53754
-3.55652
-3.57636
-3.59706
-3.6186
-3.64097
-3.66413
-3.68808
-3.71278
-3.73821
-3.76433
-3.79112
-3.81854
-3.84654
-3.87509
-3.90415
-3.93367
-3.9636
-3.99389
-4.02449
-4.05535
-4.0864
-4.11759
-4.14886
-4.18014
-4.21137
-4.24248
-4.27341
-4.30407
-4.33442
-4.36436
-4.39382
-4.42273
-4.45102
-4.4786
-4.5054
-4.53134
-4.55633
-4.58031
-4.60318
-4.62488
-4.64531
-4.6644
-4.68208
-4.69825
-4.71285
-4.7258
-4.73702
-4.74643
-4.75397
-4.75956
-4.76313
-4.76462
-4.76395
-4.76107
-4.75592
-4.74844
-4.73857
-4.72626
-4.71147
-4.69414
-4.67425
-4.65175
-4.62662
-4.59882
-4.56832
-4.53513
-4.49921
-4.46056
-4.41918
-4.37508
-4.32826
-4.27873
-4.22652
-4.17165
-4.11417
-4.0541
-3.9915
-3.92642
-3.85892
-3.78907
-3.71695
-3.64264
-3.56624
-3.48783
-3.40754
-3.32547
-3.24174
-3.15649
-3.06986
-2.982
-2.89305
-2.80318
-2.71258
-2.6214
-2.52986
-2.43813
-2.34643
-2.25497
-2.16396
-2.07365
-1.98425
-1.89603
-1.80922
-1.72409
-1.6409
-1.55992
-1.48143
-1.40572
-1.33307
-1.26378
-1.19815
-1.13649
-1.0791
-1.02629
-0.978394
-0.935715
-0.89858
-0.86731
-0.84223
-0.823662
-0.811932
-0.80736
-0.810267
-0.820971
-0.839786
-0.86702
-0.902979
-0.947958
-1.00225
-1.06613
-1.13988
-1.22375
-1.31799
-1.42284
-1.53852
-1.66523
-1.80316
-1.95248
-2.11332
-2.28583
-2.47008
-2.66617
-2.87414
-3.094
-3.32573
-3.56931
-3.82463
-4.09158
-4.36999
-4.65967
-4.96037
-5.2718
-5.5936
-5.92538
-6.2667
-6.61703
-6.97583
-7.34244
-7.71617
-8.09626
-8.48186
-8.87205
-9.26585
-9.66215
-10.0598
-10.4576
-10.854
-11.2478
-11.6373
-12.0209
-12.3968
-12.7632
-13.1179
-13.459
-13.7841
-14.0909
-14.3768
-14.6391
-14.8751
-15.0818
-15.256
-15.3944
-15.4936
-15.5499
-15.5595
-15.5185
-15.4224
-15.2671
-15.0478
-14.7596
-14.3977
-13.9566
-13.4308
-12.8147
-12.1021
-11.2868
-10.3622
-9.32161
-8.15785
-6.86356
-5.43104
-3.8523
