0.388275
0.377459
0.366565
0.355515
0.344232
0.332636
0.32065
0.308197
0.295197
0.281573
0.267248
0.252142
0.236178
0.219279
0.201365
0.18236
0.162184
0.140761
0.118011
0.0938577
0.0682224
0.041027
0.0121937
-0.0183556
-0.0506988
-0.0849139
-0.121079
-0.159272
-0.199571
-0.242054
-0.286799
-0.333884
-0.383387
-0.435385
-0.489958
-0.547162
-0.606909
-0.669054
-0.733447
-0.799941
-0.868388
-0.938641
-1.01055
-1.08397
-1.15876
-1.23475
-1.31182
-1.3898
-1.46856
-1.54794
-1.62779
-1.70797
-1.78834
-1.86873
-1.94901
-2.02903
-2.10864
-2.18769
-2.26603
-2.34352
-2.42001
-2.49535
-2.56939
-2.64199
-2.713
-2.78226
-2.84964
-2.91498
-2.97814
-3.03898
-3.09744
-3.15356
-3.20736
-3.25885
-3.30807
-3.35502
-3.39974
-3.44225
-3.48257
-3.52071
-3.55672
-3.59059
-3.62237
-3.65207
-3.67971
-3.70531
-3.7289
-3.75051
-3.77014
-3.78783
-3.8036
-3.81746
-3.82945
-3.83958
-3.84787
-3.85436
-3.85905
-3.86198
-3.86316
-3.86262
-3.86038
-3.85646
-3.85088
-3.84368
-3.83489
-3.82459
-3.81286
-3.79979
-3.78545
-3.76991
-3.75326
-3.73558
-3.71694
-3.69743
-3.67712
-3.65609
-3.63442
-3.61218
-3.58946
-3.56634
-3.5429
-3.5192
-3.49534
-3.47138
-3.44742
-3.42352
-3.39977
-3.37625
-3.35302
-3.33018
-3.3078
-3.28596
-3.26474
-3.24422
-3.22447
-3.20557
-3.18761
-3.17066
-3.15476
-3.13989
-3.126
-3.11307
-3.10106
-3.08993
-3.07966
-3.07021
-3.06154
-3.05363
-3.04643
-3.03991
-3.03404
-3.02878
-3.0241
-3.01997
-3.01635
-3.01321
-3.01051
-3.00822
-3.0063
-3.00473
-3.00346
-3.00246
-3.0017
-3.00115
-3.00077
-3.00052
-3.00037
-3.0003
-3.00025
-3.00021
-3.00013
-2.99998
-2.99975
-2.99949
-2.99927
-2.99915
-2.9992
-2.99948
-3.00005
-3.00098
-3.00234
-3.00418
-3.00657
-3.00958
-3.01328
-3.01771
-3.02296
-3.02908
-3.03614
-3.04421
-3.05334
-3.0636
-3.07506
-3.08778
-3.10182
-3.11726
-3.13414
-3.15255
-3.17254
-3.19417
-3.21752
-3.24265
-3.26961
-3.29848
-3.32932
-3.36219
-3.39713
-3.43403
-3.47275
-3.51314
-3.55505
-3.59833
-3.64284
-3.68842
-3.73493
-3.78222
-3.83014
-3.87855
-3.92729
-3.97622
-4.0252
-4.07407
-4.12268
-4.17089
-4.21855
-4.26551
-4.31162
-4.35674
-4.40072
-4.44341
-4.48465
-4.52432
-4.56225
-4.59829
-4.63231
-4.66415
-4.69367
-4.72071
-4.74513
-4.76678
-4.78553
-4.80142
-4.81457
-4.8251
-4.83313
-4.83877
-4.84216
-4.84341
-4.84264
-4.83997
-4.83552
-4.82942
-4.82177
-4.81271
-4.80235
-4.79082
-4.77823
-4.7647
-4.75036
-4.73532
-4.71971
-4.70364
-4.68724
-4.67062
-4.65392
-4.63723
-4.6207
-4.60443
-4.58856
-4.57319
-4.55845
-4.54445
-4.53133
-4.5192
-4.50817
-4.4983
-4.48958
-4.48199
-4.47553
-4.47018
-4.46595
-4.46282
-4.46078
-4.45982
-4.45993
-4.46111
-4.46334
-4.46661
-4.47093
-4.47626
-4.48262
-4.48999
-4.49835
-4.50771
-4.51804
-4.52935
-4.54162
-4.55484
-4.56901
-4.58411
-4.60014
-4.61708
-4.63493
-4.65368
-4.67332
-4.69384
-4.71523
-4.73748
-4.76058
-4.78446
-4.80896
-4.83394
-4.85924
-4.88469
-4.91015
-4.93546
-4.96045
-4.98499
-5.0089
-5.03204
-5.05424
-5.07536
-5.09523
-5.1137
-5.13062
-5.14582
-5.15915
-5.17046
-5.17959
-5.18639
-5.19069
-5.19234
-5.19118
-5.18707
-5.17984
-5.16934
-5.15541
-5.13789
-5.11664
-5.09148
-5.06228
-5.02886
-4.99108
-4.94894
-4.90275
-4.85286
-4.79964
-4.74344
-4.68461
-4.62352
-4.56051
-4.49595
-4.43018
-4.36358
-4.29648
-4.22926
-4.16226
-4.09584
-4.03035
-3.96616
-3.90362
-3.84309
-3.78492
-3.72946
-3.67708
-3.62813
-3.58296
-3.54194
-3.50542
-3.47375
-3.44729
-3.4264
-3.41143
-3.40274
-3.40068
-3.40562
-3.41791
-3.43773
-3.46469
-3.49829
-3.53799
-3.58328
-3.63365
-3.68857
-3.74753
-3.81002
-3.87551
-3.94348
-4.01343
-4.08482
-4.15715
-4.2299
-4.30255
-4.37458
-4.44547
-4.51471
-4.58177
-4.64615
-4.70733
-4.76478
-4.81799
-4.86644
-4.90962
-4.947
-4.97807
-5.00231
-5.01921
-5.02825
-5.0289
-5.02065
-5.00299
-4.97552
-4.93852
-4.89256
-4.83818
-4.77594
-4.70639
-4.63009
-4.54757
-4.4594
-4.36613
-4.26831
-4.16649
-4.06123
-3.95307
-3.84257
-3.73029
-3.61677
-3.50256
-3.38822
-3.2743
-3.16135
-3.04993
-2.94058
-2.83386
-2.73032
-2.63051
-2.53499
-2.44431
-2.35902
-2.27967
-2.20681
-2.14099
-2.08278
-2.03272
-1.99131
-1.95859
-1.9343
-1.91819
-1.90999
-1.90944
-1.91628
-1.93026
-1.95112
-1.97859
-2.01241
-2.05234
-2.09809
-2.14943
-2.20608
-2.26779
-2.3343
-2.40534
-2.48067
-2.56001
-2.64311
-2.72972
-2.81956
-2.91239
-3.00794
-3.10594
-3.20616
-3.30831
-3.41215
-3.51741
-3.62383
-3.73116
-3.83913
-3.94749
