0.388275
-8.67963
-16.1455
-22.189
-26.9743
-30.6516
-33.3578
-35.2177
-36.3444
-36.8407
-36.7993
-36.304
-35.43
-34.2449
-32.809
-31.176
-29.3936
-27.5039
-25.5437
-23.5453
-21.5368
-19.542
-17.5817
-15.673
-13.8304
-12.0657
-10.3882
-8.8053
-7.32241
-5.94324
-4.67007
-3.50384
-2.44437
-1.49049
-0.640168
0.109336
0.761382
1.31983
1.78895
2.17334
2.47783
2.70744
2.86729
2.96257
2.99849
2.98019
2.91276
2.8012
2.65035
2.4649
2.24938
2.0081
1.74519
1.46453
1.16982
0.864478
0.551731
0.234554
-0.0843112
-0.40235
-0.717277
-1.02703
-1.32976
-1.62384
-1.90782
-2.18047
-2.44074
-2.68774
-2.92077
-3.13928
-3.34285
-3.53122
-3.70425
-3.86192
-4.00431
-4.1316
-4.24408
-4.34209
-4.42606
-4.49648
-4.55389
-4.59887
-4.63207
-4.65413
-4.66575
-4.66762
-4.66047
-4.64501
-4.62198
-4.59208
-4.55605
-4.51458
-4.46835
-4.41804
-4.3643
-4.30774
-4.24897
-4.18855
-4.12701
-4.06488
-4.00262
-3.94066
-3.87942
-3.81927
-3.76055
-3.70356
-3.64857
-3.59581
-3.5455
-3.4978
-3.45285
-3.41076
-3.37162
-3.33548
-3.30236
-3.27228
-3.24522
-3.22112
-3.19994
-3.18159
-3.16598
-3.15299
-3.14251
-3.13439
-3.12849
-3.12466
-3.12272
-3.12252
-3.12389
-3.12663
-3.13059
-3.13559
-3.14144
-3.14798
-3.15503
-3.16244
-3.17005
-3.17769
-3.18522
-3.19252
-3.19944
-3.20587
-3.21169
-3.21682
-3.22114
-3.2246
-3.22712
-3.22864
-3.22911
-3.22851
-3.22681
-3.22399
-3.22005
-3.21501
-3.20889
-3.2017
-3.1935
-3.18432
-3.17424
-3.1633
-3.15159
-3.13919
-3.12617
-3.11264
-3.0987
-3.08443
-3.06997
-3.0554
-3.04085
-3.02644
-3.01227
-2.99846
-2.98515
-2.97243
-2.96042
-2.94925
-2.93902
-2.92985
-2.92182
-2.91506
-2.90965
-2.90568
-2.90325
-2.90243
-2.9033
-2.90591
-2.91034
-2.91664
-2.92485
-2.935
-2.94714
-2.96127
-2.97742
-2.99559
-3.01577
-3.03795
-3.06212
-3.08825
-3.11629
-3.14621
-3.17796
-3.21147
-3.24669
-3.28353
-3.32191
-3.36176
-3.40298
-3.44546
-3.48911
-3.53382
-3.57948
-3.62596
-3.67316
-3.72094
-3.76919
-3.81777
-3.86655
-3.91541
-3.96421
-4.01283
-4.06113
-4.10899
-4.15627
-4.20286
-4.24864
-4.29347
-4.33725
-4.37986
-4.4212
-4.46116
-4.49964
-4.53656
-4.57183
-4.60537
-4.6371
-4.66696
-4.69488
-4.72083
-4.74475
-4.76661
-4.78637
-4.80403
-4.81956
-4.83296
-4.84424
-4.8534
-4.86047
-4.86548
-4.86847
-4.86946
-4.86853
-4.86573
-4.86111
-4.85476
-4.84676
-4.83719
-4.82614
-4.81372
-4.80002
-4.78515
-4.76922
-4.75235
-4.73466
-4.71627
-4.69731
-4.6779
-4.65817
-4.63825
-4.61827
-4.59836
-4.57864
-4.55925
-4.54031
-4.52194
-4.50426
-4.4874
-4.47145
-4.45653
-4.44275
-4.4302
-4.41898
-4.40916
-4.40083
-4.39405
-4.3889
-4.38543
-4.38369
-4.38371
-4.38552
-4.38916
-4.39462
-4.40192
-4.41104
-4.42197
-4.43468
-4.44915
-4.46531
-4.48312
-4.50252
-4.52342
-4.54576
-4.56943
-4.59434
-4.62038
-4.64743
-4.67538
-4.70409
-4.73342
-4.76323
-4.79338
-4.82371
-4.85406
-4.88428
-4.91419
-4.94364
-4.97246
-5.00048
-5.02753
-5.05344
-5.07805
-5.1012
-5.12272
-5.14246
-5.16027
-5.176
-5.18951
-5.20068
-5.20937
-5.21547
-5.21889
-5.21951
-5.21726
-5.21207
-5.20387
-5.19262
-5.17829
-5.16084
-5.14029
-5.11663
-5.0899
-5.06013
-5.02737
-4.9917
-4.9532
-4.91198
-4.86816
-4.82187
-4.77325
-4.72248
-4.66973
-4.6152
-4.55909
-4.50163
-4.44304
-4.38357
-4.32348
-4.26304
-4.2025
-4.14216
-4.08231
-4.02323
-3.96521
-3.90857
-3.85359
-3.80057
-3.74981
-3.70159
-3.65621
-3.61394
-3.57504
-3.53977
-3.50837
-3.48108
-3.4581
-3.43961
-3.42581
-3.41682
-3.41278
-3.41378
-3.4199
-3.43118
-3.44763
-3.46922
-3.49591
-3.52761
-3.5642
-3.60551
-3.65136
-3.70151
-3.75569
-3.81359
-3.87487
-3.93916
-4.00603
-4.07503
-4.14568
-4.21747
-4.28984
-4.36222
-4.43401
-4.50459
-4.57331
-4.63952
-4.70254
-4.7617
-4.81631
-4.8657
-4.90919
-4.94612
-4.97585
-4.99777
-5.01129
-5.01587
-5.011
-4.99624
-4.97121
-4.9356
-4.88915
-4.83173
-4.76327
-4.68381
-4.59351
-4.49263
-4.38158
-4.26087
-4.13118
-3.99332
-3.84826
-3.69713
-3.54121
-3.38196
-3.221
-3.06012
-2.90128
-2.7466
-2.59839
-2.45908
-2.33128
-2.2177
-2.12122
-2.04479
-1.99147
-1.96436
-1.96663
-2.00142
-2.07186
-2.18098
-2.33171
-2.52678
-2.76872
-3.0597
-3.40156
-3.79565
-4.24277
-4.74307
-5.29592
-5.89982
-6.55223
-7.24946
-7.9865
-8.75681
-9.5522
-10.3626
-11.1758
-11.9773
-12.7499
-13.4738
-14.1256
-14.6789
-15.1031
-15.3637
-15.4213
-15.2319
-14.7457
-13.9072
-12.6545
-10.9184
-8.62251
-5.68213
