0.388275
0.280095
0.173808
0.0693937
-0.0331659
-0.13389
-0.232799
-0.329911
-0.425244
-0.518819
-0.610653
-0.700765
-0.789174
-0.875897
-0.960955
-1.04436
-1.12614
-1.20631
-1.28488
-1.36188
-1.43732
-1.51122
-1.5836
-1.65447
-1.72385
-1.79177
-1.85823
-1.92326
-1.98686
-2.04907
-2.10989
-2.16935
-2.22745
-2.28423
-2.33968
-2.39383
-2.4467
-2.4983
-2.54865
-2.59777
-2.64567
-2.69236
-2.73786
-2.7822
-2.82538
-2.86742
-2.90833
-2.94814
-2.98685
-3.02449
-3.06106
-3.09659
-3.13108
-3.16456
-3.19703
-3.22851
-3.25903
-3.28858
-3.31719
-3.34487
-3.37164
-3.39751
-3.42249
-3.44659
-3.46984
-3.49225
-3.51382
-3.53458
-3.55453
-3.5737
-3.59209
-3.60972
-3.6266
-3.64274
-3.65816
-3.67287
-3.68689
-3.70022
-3.71288
-3.72488
-3.73624
-3.74696
-3.75706
-3.76656
-3.77546
-3.78377
-3.79152
-3.79871
-3.80534
-3.81145
-3.81703
-3.82209
-3.82666
-3.83074
-3.83434
-3.83748
-3.84016
-3.84239
-3.8442
-3.84558
-3.84655
-3.84712
-3.84731
-3.84711
-3.84655
-3.84563
-3.84436
-3.84276
-3.84082
-3.83858
-3.83602
-3.83317
-3.83004
-3.82663
-3.82295
-3.81901
-3.81483
-3.8104
-3.80575
-3.80088
-3.7958
-3.79051
-3.78504
-3.77938
-3.77354
-3.76754
-3.76138
-3.75507
-3.74863
-3.74205
-3.73535
-3.72853
-3.7216
-3.71458
-3.70746
-3.70026
-3.69299
-3.68564
-3.67824
-3.67079
-3.66329
-3.65575
-3.64818
-3.64058
-3.63297
-3.62536
-3.61773
-3.61012
-3.60251
-3.59492
-3.58736
-3.57983
-3.57233
-3.56488
-3.55748
-3.55013
-3.54285
-3.53563
-3.52849
-3.52142
-3.51444
-3.50756
-3.50077
-3.49408
-3.4875
-3.48103
-3.47468
-3.46845
-3.46235
-3.45638
-3.45055
-3.44486
-3.43932
-3.43393
-3.42869
-3.42362
-3.41871
-3.41397
-3.4094
-3.40502
-3.40081
-3.39678
-3.39295
-3.38931
-3.38586
-3.38261
-3.37957
-3.37673
-3.37411
-3.37169
-3.36949
-3.36752
-3.36576
-3.36423
-3.36292
-3.36185
-3.361
-3.3604
-3.36003
-3.3599
-3.36001
-3.36037
-3.36098
-3.36183
-3.36293
-3.36429
-3.36589
-3.36776
-3.36988
-3.37226
-3.3749
-3.3778
-3.38096
-3.38439
-3.38808
-3.39203
-3.39625
-3.40074
-3.4055
-3.41052
-3.41582
-3.42138
-3.42721
-3.43331
-3.43968
-3.44632
-3.45323
-3.46041
-3.46786
-3.47558
-3.48356
-3.49182
-3.50034
-3.50913
-3.51819
-3.52751
-3.5371
-3.54695
-3.55706
-3.56744
-3.57807
-3.58897
-3.60012
-3.61152
-3.62319
-3.6351
-3.64727
-3.65968
-3.67234
-3.68525
-3.6984
-3.71179
-3.72542
-3.73929
-3.75339
-3.76772
-3.78228
-3.79706
-3.81207
-3.8273
-3.84275
-3.85841
-3.87428
-3.89036
-3.90664
-3.92312
-3.93981
-3.95668
-3.97375
-3.991
-4.00843
-4.02605
-4.04384
-4.06179
-4.07992
-4.09821
-4.11665
-4.13525
-4.154
-4.17289
-4.19192
-4.21108
-4.23038
-4.2498
-4.26934
-4.28899
-4.30875
-4.32862
-4.34859
-4.36865
-4.38879
-4.40902
-4.42932
-4.4497
-4.47014
-4.49063
-4.51118
-4.53177
-4.55241
-4.57308
-4.59377
-4.61449
-4.63521
-4.65595
-4.67669
-4.69741
-4.71813
-4.73882
-4.75949
-4.78012
-4.80071
-4.82125
-4.84173
-4.86215
-4.88249
-4.90276
-4.92293
-4.94301
-4.96299
-4.98285
-5.0026
-5.02221
-5.04169
-5.06102
-5.0802
-5.09921
-5.11806
-5.13672
-5.15519
-5.17347
-5.19154
-5.20939
-5.22702
-5.24441
-5.26156
-5.27846
-5.29509
-5.31145
-5.32753
-5.34331
-5.35879
-5.37396
-5.38881
-5.40332
-5.41749
-5.43131
-5.44477
-5.45785
-5.47054
-5.48284
-5.49473
-5.50621
-5.51726
-5.52786
-5.53802
-5.54772
-5.55694
-5.56568
-5.57392
-5.58166
-5.58887
-5.59556
-5.6017
-5.60729
-5.61231
-5.61675
-5.6206
-5.62385
-5.62649
-5.62849
-5.62986
-5.63057
-5.63061
-5.62998
-5.62865
-5.62663
-5.62388
-5.6204
-5.61618
-5.6112
-5.60545
-5.59892
-5.59159
-5.58345
-5.57448
-5.56468
-5.55402
-5.54249
-5.53009
-5.51679
-5.50258
-5.48744
-5.47137
-5.45435
-5.43635
-5.41738
-5.39741
-5.37643
-5.35442
-5.33137
-5.30726
-5.28208
-5.25582
-5.22845
-5.19996
-5.17034
-5.13957
-5.10763
-5.07452
-5.0402
-5.00468
