0.388275
0.33314
0.278013
0.222902
0.167814
0.112758
0.0577414
0.00277219
-0.0521418
-0.106993
-0.161772
-0.216473
-0.271087
-0.325607
-0.380024
-0.43433
-0.488518
-0.542579
-0.596507
-0.650292
-0.703928
-0.757406
-0.810718
-0.863856
-0.916813
-0.96958
-1.02215
-1.07452
-1.12667
-1.1786
-1.2303
-1.28177
-1.33299
-1.38395
-1.43466
-1.4851
-1.53527
-1.58514
-1.63473
-1.68402
-1.733
-1.78166
-1.83
-1.87801
-1.92568
-1.973
-2.01997
-2.06657
-2.11281
-2.15866
-2.20413
-2.2492
-2.29387
-2.33813
-2.38198
-2.42539
-2.46838
-2.51092
-2.55301
-2.59464
-2.63581
-2.6765
-2.71671
-2.75643
-2.79566
-2.83438
-2.87259
-2.91027
-2.94743
-2.98405
-3.02013
-3.05565
-3.09062
-3.12502
-3.15884
-3.19207
-3.22472
-3.25676
-3.2882
-3.31902
-3.34922
-3.37878
-3.40771
-3.43599
-3.46361
-3.49058
-3.51687
-3.54248
-3.56741
-3.59164
-3.61517
-3.63799
-3.66009
-3.68146
-3.7021
-3.722
-3.74115
-3.75955
-3.77717
-3.79403
-3.8101
-3.82538
-3.83987
-3.85355
-3.86643
-3.87851
-3.88983
-3.90038
-3.91017
-3.91924
-3.92757
-3.9352
-3.94213
-3.94838
-3.95395
-3.95887
-3.96314
-3.96678
-3.96981
-3.97222
-3.97405
-3.9753
-3.97598
-3.97611
-3.9757
-3.97476
-3.97331
-3.97136
-3.96893
-3.96602
-3.96265
-3.95884
-3.95459
-3.94992
-3.94485
-3.93938
-3.93353
-3.92731
-3.92074
-3.91383
-3.90659
-3.89903
-3.89117
-3.88303
-3.87461
-3.86592
-3.85699
-3.84782
-3.83843
-3.82883
-3.81904
-3.80906
-3.79891
-3.78861
-3.77816
-3.76758
-3.75689
-3.74609
-3.7352
-3.72423
-3.7132
-3.70212
-3.691
-3.67986
-3.6687
-3.65755
-3.64641
-3.6353
-3.62423
-3.61322
-3.60227
-3.59141
-3.58063
-3.56997
-3.55943
-3.54902
-3.53876
-3.52865
-3.51873
-3.50898
-3.49944
-3.49011
-3.48101
-3.47214
-3.46353
-3.45519
-3.44712
-3.43934
-3.43187
-3.42472
-3.4179
-3.41143
-3.40531
-3.39957
-3.3942
-3.38924
-3.38469
-3.38056
-3.37687
-3.37363
-3.37085
-3.36855
-3.36674
-3.36543
-3.36464
-3.36438
-3.36466
-3.36547
-3.36682
-3.36868
-3.37105
-3.37393
-3.3773
-3.38116
-3.38549
-3.3903
-3.39557
-3.40129
-3.40746
-3.41406
-3.4211
-3.42855
-3.43642
-3.44469
-3.45336
-3.46242
-3.47186
-3.48166
-3.49184
-3.50236
-3.51324
-3.52445
-3.536
-3.54786
-3.56004
-3.57253
-3.58532
-3.59839
-3.61175
-3.62538
-3.63927
-3.65342
-3.66782
-3.68246
-3.69733
-3.71243
-3.72774
-3.74326
-3.75898
-3.77488
-3.79098
-3.80724
-3.82368
-3.84027
-3.85701
-3.87389
-3.89091
-3.90805
-3.92531
-3.94268
-3.96015
-3.97771
-3.99536
-4.01308
-4.03087
-4.04872
-4.06662
-4.08457
-4.10254
-4.12055
-4.13858
-4.15661
-4.17465
-4.19268
-4.2107
-4.22869
-4.24666
-4.26459
-4.28246
-4.30029
-4.31805
-4.33574
-4.35334
-4.37086
-4.38829
-4.40561
-4.42282
-4.4399
-4.45686
-4.47368
-4.49035
-4.50687
-4.52323
-4.53942
-4.55543
-4.57125
-4.58688
-4.6023
-4.61752
-4.63251
-4.64728
-4.66181
-4.67609
-4.69013
-4.7039
-4.71741
-4.73063
-4.74358
-4.75623
-4.76858
-4.78064
-4.79241
-4.80388
-4.81508
-4.82599
-4.83662
-4.84698
-4.85706
-4.86687
-4.87641
-4.88569
-4.8947
-4.90346
-4.91195
-4.9202
-4.92819
-4.93594
-4.94344
-4.95071
-4.95773
-4.96451
-4.97107
-4.97739
-4.98348
-4.98935
-4.995
-5.00044
-5.00565
-5.01065
-5.01545
-5.02003
-5.02441
-5.02859
-5.03258
-5.03636
-5.03996
-5.04336
-5.04658
-5.04962
-5.05247
-5.05515
-5.05765
-5.05998
-5.06214
-5.06414
-5.06597
-5.06764
-5.06915
-5.07051
-5.07172
-5.07277
-5.07369
-5.07446
-5.07509
-5.07558
-5.07594
-5.07616
-5.07626
-5.07624
-5.07609
-5.07582
-5.07543
-5.07493
-5.07432
-5.0736
-5.07278
-5.07185
-5.07083
-5.06971
-5.06849
-5.06719
-5.06579
-5.06432
-5.06276
-5.06112
-5.0594
-5.05762
-5.05576
-5.05383
-5.05184
-5.04979
-5.04768
-5.04552
-5.0433
-5.04103
-5.03872
-5.03636
-5.03396
-5.03152
-5.02905
-5.02654
-5.02401
-5.02145
-5.01886
-5.01625
-5.01363
-5.01099
-5.00834
-5.00568
-5.00301
-5.00034
