0.388275
0.246487
0.104951
-0.0360811
-0.176359
-0.31563
-0.453643
-0.590147
-0.724889
-0.857618
-0.988082
-1.11603
-1.24121
-1.36337
-1.48226
-1.59763
-1.70922
-1.81679
-1.92008
-2.01884
-2.11282
-2.20177
-2.28543
-2.36356
-2.4359
-2.5022
-2.56227
-2.61633
-2.66471
-2.70776
-2.74584
-2.77928
-2.80844
-2.83366
-2.8553
-2.87369
-2.88918
-2.90213
-2.91287
-2.92177
-2.92916
-2.93539
-2.94081
-2.94576
-2.9506
-2.95567
-2.96132
-2.96789
-2.97574
-2.98521
-2.99665
-3.01036
-3.02634
-3.04438
-3.06428
-3.08586
-3.10891
-3.13323
-3.15863
-3.18492
-3.21189
-3.23935
-3.2671
-3.29495
-3.32269
-3.35014
-3.37709
-3.40335
-3.42872
-3.453
-3.476
-3.49751
-3.51736
-3.53532
-3.55122
-3.56485
-3.57603
-3.58479
-3.59133
-3.59584
-3.59853
-3.59958
-3.59921
-3.59759
-3.59494
-3.59145
-3.58732
-3.58274
-3.57792
-3.57304
-3.56832
-3.56394
-3.56011
-3.55701
-3.55486
-3.55385
-3.55416
-3.55601
-3.5596
-3.5651
-3.57274
-3.58268
-3.59474
-3.60834
-3.62287
-3.63772
-3.65231
-3.66601
-3.67824
-3.68838
-3.69583
-3.7
-3.70027
-3.69605
-3.68673
-3.67171
-3.65038
-3.62215
-3.5864
-3.54254
-3.48997
-3.42807
-3.35625
-3.27391
-3.18044
-3.07524
-2.95771
-2.82806
-2.68764
-2.53791
-2.38031
-2.21632
-2.04737
-1.87492
-1.70044
-1.52537
-1.35116
-1.17928
-1.01117
-0.848292
-0.692099
-0.544046
-0.405587
-0.278175
-0.163267
-0.0623149
0.0232255
0.0919
0.142254
0.172834
0.182185
0.168857
0.132287
0.0737917
-0.00506931
-0.102738
-0.217655
-0.348262
-0.493
-0.650311
-0.818636
-0.996416
-1.18209
-1.37411
-1.5709
-1.77092
-1.97259
-2.17437
-2.3747
-2.57201
-2.76475
-2.95135
-3.13027
-3.29994
-3.45879
-3.60529
-3.73786
-3.85543
-3.95846
-4.04768
-4.12382
-4.18762
-4.23981
-4.28114
-4.31234
-4.33414
-4.34729
-4.35251
-4.35055
-4.34213
-4.32801
-4.3089
-4.28555
-4.2587
-4.22908
-4.19743
-4.16448
-4.13097
-4.09763
-4.06521
-4.03444
-4.00605
-3.98065
-3.95826
-3.93874
-3.92195
-3.90772
-3.89593
-3.88642
-3.87905
-3.87366
-3.87012
-3.86828
-3.86799
-3.86911
-3.87149
-3.87498
-3.87944
-3.88472
-3.89068
-3.89717
-3.90404
-3.91115
-3.91835
-3.92549
-3.93244
-3.93904
-3.94516
-3.95078
-3.95593
-3.96064
-3.96491
-3.96879
-3.9723
-3.97546
-3.97829
-3.98082
-3.98308
-3.98509
-3.98687
-3.98845
-3.98986
-3.99111
-3.99224
-3.99327
-3.99421
-3.99511
-3.99598
-3.99685
-3.99773
-3.99867
-3.99968
-4.00077
-4.00195
-4.00315
-4.00433
-4.00546
-4.00648
-4.00735
-4.00804
-4.00848
-4.00865
-4.00849
-4.00796
-4.00702
-4.00562
-4.00372
-4.00127
-3.99824
-3.99457
-3.99022
-3.98515
-3.97931
-3.97266
-3.96516
-3.95676
-3.94741
-3.93708
-3.92581
-3.91371
-3.90089
-3.88746
-3.87353
-3.85922
-3.84464
-3.82989
-3.8151
-3.80037
-3.78581
-3.77154
-3.75766
-3.7443
-3.73156
-3.71955
-3.70838
-3.69817
-3.68904
-3.68108
-3.67441
-3.66915
-3.6654
-3.66329
-3.6629
-3.66428
-3.66734
-3.672
-3.67816
-3.68575
-3.69468
-3.70486
-3.71621
-3.72865
-3.74208
-3.75643
-3.77161
-3.78753
-3.8041
-3.82125
-3.83889
-3.85693
-3.87529
-3.89387
-3.91261
-3.9314
-3.95017
-3.96884
-3.98731
-4.00549
-4.02333
-4.04074
-4.05768
-4.07407
-4.08986
-4.10499
-4.1194
-4.13302
-4.1458
-4.15767
-4.16857
-4.17844
-4.18723
-4.19486
-4.20128
-4.20643
-4.21025
-4.21267
-4.21363
-4.21308
-4.21095
-4.20719
-4.20172
-4.19449
-4.18544
-4.17459
-4.16214
-4.14834
-4.13342
-4.11762
-4.10117
-4.08432
-4.0673
-4.05035
-4.03371
-4.01761
-4.00229
-3.988
-3.97495
-3.96341
-3.95359
-3.94575
-3.94011
-3.93691
-3.9364
-3.93881
-3.94437
-3.95333
-3.96592
-3.98237
-4.00284
-4.02712
-4.05492
-4.08598
-4.12001
-4.15673
-4.19587
-4.23715
-4.28029
-4.32502
-4.37105
-4.41812
-4.46593
-4.51421
-4.56269
-4.61109
-4.65912
-4.70652
-4.753
-4.79828
-4.84209
-4.88416
-4.92419
-4.96192
-4.99706
-5.02935
-5.05855
-5.08444
-5.10679
-5.12539
-5.14002
-5.15044
-5.15644
-5.15779
-5.15428
-5.14568
-5.13177
-5.11232
-5.08712
-5.05594
-5.01855
-4.97475
-4.9243
-4.86699
-4.80258
-4.73086
-4.65161
-4.56461
-4.46962
-4.36643
-4.25492
-4.13565
-4.00958
-3.87761
-3.74068
-3.59972
-3.45565
-3.30941
-3.16192
-3.01411
-2.8669
-2.72124
-2.57803
-2.43822
-2.30274
-2.1725
-2.04843
-1.93147
-1.82255
-1.72259
-1.63251
-1.55326
-1.48575
-1.43091
-1.38968
-1.3629
-1.35059
-1.35215
-1.367
-1.39455
-1.4342
-1.48536
-1.54744
-1.61986
-1.70202
-1.79332
-1.89318
-2.00101
-2.11622
-2.23821
-2.36639
-2.50018
-2.63898
-2.7822
-2.92925
-3.07953
-3.23247
-3.38746
-3.54391
-3.70124
