692.624
693.294
694.098
695.034
696.101
697.295
698.616
700.062
701.63
703.318
705.125
707.049
709.087
711.239
713.502
715.874
718.354
720.939
723.629
726.421
729.313
732.303
735.391
738.574
741.85
745.218
748.676
752.223
755.856
759.575
763.377
767.26
771.224
775.267
779.386
783.581
787.85
792.192
796.604
801.085
805.635
810.25
814.931
819.674
824.48
829.346
834.271
839.254
844.293
849.387
854.534
859.733
864.983
870.282
875.63
881.024
886.464
891.947
897.474
903.042
908.65
914.298
919.984
925.706
931.463
937.255
943.081
948.938
954.826
960.743
966.689
972.663
978.663
984.688
990.738
996.81
1002.91
1009.02
1015.16
1021.31
1027.48
1033.67
1039.88
1046.1
1052.34
1058.59
1064.85
1071.12
1077.4
1083.7
1090
1096.31
1102.63
1108.95
1115.28
1121.61
1127.95
1134.29
1140.64
1146.98
1153.33
1159.67
1166.02
1172.36
1178.71
1185.05
1191.38
1197.72
1204.05
1210.37
1216.69
1223
1229.3
1235.6
1241.89
1248.17
1254.44
1260.71
1266.96
1273.2
1279.43
1285.65
1291.86
1298.05
1304.23
1310.4
1316.56
1322.7
1328.83
1334.94
1341.04
1347.12
1353.18
1359.23
1365.27
1371.28
1377.29
1383.27
1389.23
1395.18
1401.11
1407.02
1412.92
1418.79
1424.65
1430.49
1436.31
1442.11
1447.89
1453.65
1459.4
1465.12
1470.83
1476.51
1482.18
1487.82
1493.45
1499.05
1504.64
1510.21
1515.76
1521.28
1526.79
1532.28
1537.76
1543.21
1548.64
1554.05
1559.45
1564.83
1570.18
1575.53
1580.85
1586.15
1591.44
1596.71
1601.96
1607.2
1612.42
1617.62
1622.81
1627.98
1633.14
1638.28
1643.4
1648.52
1653.61
1658.7
1663.77
1668.83
1673.88
1678.91
1683.94
1688.95
1693.95
1698.94
1703.93
1708.9
1713.87
1718.83
1723.78
1728.72
1733.66
1738.59
1743.52
1748.44
1753.36
1758.28
1763.19
1768.11
1773.02
1777.93
1782.84
1787.75
1792.67
1797.59
1802.51
1807.43
1812.36
1817.3
1822.24
1827.19
1832.15
1837.12
1842.09
1847.08
1852.08
1857.09
1862.12
1867.16
1872.21
1877.29
1882.38
1887.48
1892.61
1897.76
1902.93
1908.12
1913.33
1918.57
1923.84
1929.13
1934.45
1939.8
1945.17
1950.58
1956.02
1961.5
1967.01
1972.55
1978.14
1983.76
1989.42
1995.12
2000.86
2006.65
2012.48
2018.35
2024.28
2030.25
2036.27
2042.34
2048.47
2054.65
2060.88
2067.17
2073.52
2079.93
2086.4
2092.93
2099.52
2106.18
