692.624
704.017
714.011
722.741
730.33
736.895
742.544
747.379
751.493
754.976
757.907
760.362
762.411
764.118
765.542
766.738
767.756
768.64
769.432
770.17
770.887
771.614
772.379
773.205
774.114
775.126
776.256
777.518
778.926
780.488
782.213
784.108
786.178
788.427
790.856
793.467
796.26
799.234
802.388
805.718
809.221
812.894
816.732
820.73
824.882
829.184
833.628
838.21
842.922
847.758
852.711
857.776
862.944
868.21
873.567
879.009
884.529
890.122
895.78
901.499
907.273
913.096
918.963
924.869
930.81
936.781
942.777
948.796
954.833
960.885
966.949
973.022
979.101
985.184
991.269
997.354
1003.44
1009.52
1015.6
1021.67
1027.73
1033.79
1039.85
1045.9
1051.94
1057.97
1064
1070.02
1076.04
1082.06
1088.07
1094.08
1100.09
1106.09
1112.1
1118.11
1124.13
1130.15
1136.17
1142.21
1148.25
1154.3
1160.36
1166.43
1172.52
1178.62
1184.74
1190.88
1197.03
1203.2
1209.39
1215.6
1221.83
1228.09
1234.36
1240.66
1246.98
1253.32
1259.68
1266.07
1272.47
1278.9
1285.35
1291.83
1298.32
1304.83
1311.35
1317.9
1324.46
1331.04
1337.63
1344.23
1350.84
1357.46
1364.09
1370.72
1377.35
1383.99
1390.63
1397.26
1403.88
1410.5
1417.11
1423.71
1430.3
1436.86
1443.41
1449.94
1456.44
1462.91
1469.36
1475.78
1482.16
1488.51
1494.82
1501.09
1507.31
1513.5
1519.63
1525.72
1531.76
1537.74
1543.67
1549.55
1555.37
1561.13
1566.84
1572.48
1578.06
1583.59
1589.04
1594.44
1599.77
1605.04
1610.25
1615.39
1620.47
1625.48
1630.44
1635.33
1640.16
1644.94
1649.65
1654.31
1658.92
1663.47
1667.97
1672.43
1676.83
1681.19
1685.51
1689.8
1694.04
1698.26
1702.44
1706.6
1710.73
1714.84
1718.94
1723.02
1727.1
1731.17
1735.24
1739.31
1743.38
1747.47
1751.57
1755.69
1759.83
1764
1768.19
1772.42
1776.69
1780.99
1785.34
1789.74
1794.19
1798.69
1803.25
1807.87
1812.55
1817.3
1822.11
1826.99
1831.94
1836.97
1842.06
1847.24
1852.49
1857.81
1863.21
1868.68
1874.23
1879.86
1885.55
1891.32
1897.16
1903.07
1909.04
1915.07
1921.16
1927.3
1933.5
1939.74
1946.02
1952.34
1958.69
1965.06
1971.46
1977.87
1984.28
1990.69
1997.1
2003.49
2009.85
2016.19
2022.49
2028.75
2034.95
2041.1
2047.17
2053.18
2059.1
2064.93
2070.66
2076.29
2081.82
2087.23
2092.53
2097.7
2102.76
2107.68
2112.48
2117.16
2121.71
2126.14
2130.45
2134.65
2138.75
2142.76
2146.69
2150.55
2154.36
2158.15
2161.93
2165.72
2169.57
2173.49
2177.54
2181.74
2186.14
2190.79
2195.75
2201.06
2206.81
2213.05
2219.86
2227.32
2235.52
2244.56
2254.54
2265.56
2277.76
2291.24
2306.16
2322.65
