-4621.83
-4626.31
-4630.77
-4635.23
-4639.68
-4644.1
-4648.5
-4652.88
-4657.22
-4661.52
-4665.78
-4670
-4674.16
-4678.27
-4682.31
-4686.29
-4690.2
-4694.04
-4697.79
-4701.46
-4705.04
-4708.53
-4711.92
-4715.21
-4718.38
-4721.45
-4724.4
-4727.22
-4729.92
-4732.49
-4734.92
-4737.22
-4739.36
-4741.36
-4743.2
-4744.89
-4746.42
-4747.82
-4749.08
-4750.21
-4751.21
-4752.11
-4752.9
-4753.58
-4754.17
-4754.68
-4755.1
-4755.45
-4755.74
-4755.96
-4756.14
-4756.26
-4756.35
-4756.41
-4756.44
-4756.45
-4756.46
-4756.46
-4756.46
-4756.47
-4756.5
-4756.55
-4756.63
-4756.75
-4756.91
-4757.13
-4757.4
-4757.74
-4758.14
-4758.63
-4759.18
-4759.8
-4760.48
-4761.23
-4762.04
-4762.91
-4763.83
-4764.8
-4765.82
-4766.89
-4768
-4769.16
-4770.35
-4771.58
-4772.84
-4774.14
-4775.46
-4776.8
-4778.17
-4779.56
-4780.97
-4782.39
-4783.83
-4785.27
-4786.72
-4788.17
-4789.63
-4791.08
-4792.54
-4793.98
-4795.42
-4796.84
-4798.25
-4799.65
-4801.04
-4802.44
-4803.84
-4805.25
-4806.67
-4808.12
-4809.59
-4811.09
-4812.63
-4814.22
-4815.84
-4817.53
-4819.26
-4821.06
-4822.93
-4824.87
-4826.89
-4828.99
-4831.18
-4833.46
-4835.85
-4838.33
-4840.93
-4843.64
-4846.47
-4849.42
-4852.51
-4855.72
-4859.08
-4862.59
-4866.25
-4870.06
-4874.03
-4878.15
-4882.42
-4886.83
-4891.38
-4896.05
-4900.85
-4905.76
-4910.78
-4915.9
-4921.12
-4926.43
-4931.83
-4937.3
-4942.84
-4948.45
-4954.12
-4959.84
-4965.61
-4971.41
-4977.25
-4983.12
-4989.01
-4994.92
-5000.83
-5006.75
-5012.66
-5018.56
-5024.44
-5030.31
-5036.14
-5041.94
-5047.69
-5053.4
-5059.06
-5064.69
-5070.28
-5075.85
-5081.42
-5086.98
-5092.54
-5098.13
-5103.74
-5109.38
-5115.07
-5120.81
-5126.61
-5132.48
-5138.43
-5144.47
-5150.61
-5156.86
-5163.22
-5169.71
-5176.33
-5183.1
-5190.02
-5197.1
-5204.35
-5211.79
-5219.41
-5227.23
-5235.26
-5243.51
-5251.98
-5260.68
-5269.63
-5278.84
-5288.29
-5298
-5307.96
-5318.16
-5328.6
-5339.28
-5350.2
-5361.36
-5372.74
-5384.35
-5396.19
-5408.26
-5420.54
-5433.04
-5445.75
-5458.68
-5471.81
-5485.15
-5498.69
-5512.44
-5526.38
-5540.51
-5554.84
-5569.36
-5584.06
-5598.95
-5614.01
-5629.26
-5644.68
-5660.27
-5676.03
-5691.96
-5708.05
-5724.3
-5740.72
-5757.29
-5774.03
-5790.92
-5807.98
-5825.19
-5842.56
-5860.1
-5877.79
-5895.64
-5913.65
-5931.82
-5950.15
-5968.63
-5987.28
-6006.08
-6025.03
-6044.15
-6063.42
-6082.85
-6102.44
-6122.18
-6142.08
-6162.13
-6182.34
-6202.71
-6223.23
-6243.91
-6264.74
-6285.73
-6306.87
-6328.17
-6349.62
-6371.22
-6392.96
-6414.83
-6436.82
-6458.91
-6481.1
-6503.38
-6525.72
-6548.13
-6570.59
-6593.09
-6615.62
-6638.17
-6660.72
-6683.27
-6705.8
-6728.31
-6750.78
-6773.2
-6795.56
-6817.85
-6840.05
-6862.17
-6884.17
-6906.07
-6927.83
-6949.46
-6970.94
-6992.26
-7013.41
-7034.38
-7055.15
-7075.72
-7096.08
-7116.28
-7136.43
-7156.63
-7176.99
-7197.63
-7218.64
-7240.13
-7262.22
-7285
-7308.59
-7333.09
-7358.61
-7385.25
-7413.14
-7442.36
-7473.03
-7505.25
-7539.14
-7574.8
-7612.33
-7651.85
-7693.46
-7737.26
-7783.37
-7831.9
-7882.94
-7936.62
-7993.02
-8052.27
-8114.46
-8179.72
-8248.13
-8319.81
-8394.83
-8472.96
-8553.89
-8637.3
-8722.85
-8810.24
-8899.14
-8989.23
-9080.18
-9171.67
-9263.39
-9355.02
-9446.22
-9536.68
-9626.07
-9714.08
-9800.38
-9884.66
-9966.58
-10045.8
-10122.1
-10195
-10264.3
-10329.7
-10390.8
-10447.2
-10498.8
-10545.1
-10585.8
-10620.6
-10649.3
-10671.4
-10686.6
-10694.7
-10695.4
-10689
-10675.8
-10656.1
-10630.1
-10598.2
-10560.7
-10517.8
-10469.8
-10417.1
-10359.9
-10298.5
-10233.3
-10164.5
-10092.4
-10017.3
-9939.48
-9859.27
-9776.96
-9692.82
-9607.17
-9520.28
-9432.47
-9344.01
-9255.21
-9166.36
-9077.75
-8989.68
-8902.45
-8816.34
-8731.66
-8648.69
-8567.73
-8489.07
-8412.83
-8338.91
-8267.19
-8197.57
-8129.94
-8064.19
-8000.21
-7937.89
-7877.12
-7817.8
-7759.8
-7703.02
-7647.36
-7592.69
-7538.92
-7485.93
-7433.62
-7381.86
-7330.56
-7279.61
-7228.89
-7178.29
-7127.71
-7077.03
-7026.15
-6974.95
-6923.33
-6871.18
-6818.38
-6764.83
-6710.41
-6655.03
-6598.56
-6540.91
-6482.06
-6422.05
-6360.91
-6298.68
-6235.41
-6171.11
-6105.84
-6039.62
-5972.49
-5904.5
-5835.67
-5766.04
-5695.64
-5624.52
-5552.72
-5480.25
-5407.18
-5333.52
-5259.31
-5184.6
-5109.41
-5033.79
-4957.77
-4881.39
-4804.68
-4727.68
-4650.43
-4572.96
-4495.3
-4417.5
-4339.59
-4261.61
-4183.6
