-4621.83
-4623.78
-4625.73
-4627.68
-4629.62
-4631.57
-4633.52
-4635.46
-4637.41
-4639.35
-4641.29
-4643.24
-4645.18
-4647.11
-4649.05
-4650.98
-4652.92
-4654.85
-4656.78
-4658.7
-4660.63
-4662.55
-4664.47
-4666.38
-4668.3
-4670.21
-4672.11
-4674.02
-4675.92
-4677.82
-4679.71
-4681.6
-4683.48
-4685.36
-4687.24
-4689.11
-4690.98
-4692.85
-4694.71
-4696.56
-4698.41
-4700.25
-4702.09
-4703.93
-4705.76
-4707.58
-4709.39
-4711.21
-4713.01
-4714.81
-4716.6
-4718.39
-4720.17
-4721.94
-4723.71
-4725.47
-4727.22
-4728.97
-4730.71
-4732.44
-4734.17
-4735.88
-4737.59
-4739.29
-4740.98
-4742.67
-4744.35
-4746.01
-4747.67
-4749.32
-4750.97
-4752.6
-4754.22
-4755.84
-4757.45
-4759.04
-4760.63
-4762.21
-4763.78
-4765.33
-4766.88
-4768.42
-4769.95
-4771.46
-4772.97
-4774.47
-4775.95
-4777.43
-4778.89
-4780.34
-4781.78
-4783.21
-4784.63
-4786.04
-4787.43
-4788.82
-4790.19
-4791.55
-4792.89
-4794.23
-4795.55
-4796.86
-4798.15
-4799.44
-4800.71
-4801.99
-4803.25
-4804.52
-4805.79
-4807.06
-4808.33
-4809.62
-4810.91
-4812.22
-4813.54
-4814.89
-4816.25
-4817.63
-4819.04
-4820.47
-4821.94
-4823.44
-4824.97
-4826.54
-4828.14
-4829.79
-4831.48
-4833.22
-4835.01
-4836.85
-4838.74
-4840.69
-4842.69
-4844.76
-4846.89
-4849.08
-4851.34
-4853.67
-4856.07
-4858.55
-4861.11
-4863.74
-4866.46
-4869.26
-4872.14
-4875.12
-4878.19
-4881.35
-4884.6
-4887.96
-4891.41
-4894.97
-4898.64
-4902.41
-4906.29
-4910.28
-4914.39
-4918.62
-4922.97
-4927.44
-4932.03
-4936.75
-4941.6
-4946.58
-4951.7
-4956.95
-4962.34
-4967.87
-4973.54
-4979.36
-4985.33
-4991.45
-4997.72
-5004.15
-5010.73
-5017.48
-5024.39
-5031.46
-5038.7
-5046.11
-5053.69
-5061.45
-5069.38
-5077.49
-5085.78
-5094.26
-5102.92
-5111.77
-5120.81
-5130.05
-5139.48
-5149.11
-5158.94
-5168.97
-5179.21
-5189.65
-5200.3
-5211.17
-5222.25
-5233.55
-5245.07
-5256.81
-5268.77
-5280.96
-5293.38
-5306.01
-5318.87
-5331.94
-5345.22
-5358.7
-5372.4
-5386.29
-5400.38
-5414.67
-5429.15
-5443.82
-5458.67
-5473.7
-5488.91
-5504.29
-5519.85
-5535.57
-5551.46
-5567.51
-5583.72
-5600.08
-5616.59
-5633.25
-5650.05
-5667
-5684.08
-5701.3
-5718.65
-5736.12
-5753.72
-5771.45
-5789.28
-5807.24
-5825.3
-5843.47
-5861.75
-5880.13
-5898.6
-5917.17
-5935.83
-5954.57
-5973.4
-5992.31
-6011.3
-6030.36
-6049.5
-6068.7
-6087.96
-6107.29
-6126.67
-6146.1
-6165.59
-6185.13
-6204.7
-6224.32
-6243.98
-6263.67
-6283.39
-6303.13
-6322.9
-6342.69
-6362.5
-6382.32
-6402.15
-6421.99
-6441.84
-6461.68
-6481.52
-6501.35
-6521.18
-6540.99
-6560.78
-6580.56
-6600.31
-6620.03
-6639.73
-6659.39
-6679.01
-6698.6
-6718.14
-6737.64
-6757.08
-6776.47
-6795.81
-6815.08
-6834.3
-6853.44
-6872.52
-6891.52
-6910.44
-6929.29
-6948.05
-6966.72
-6985.31
-7003.8
-7022.19
-7040.49
-7058.68
-7076.76
-7094.73
-7112.6
-7130.35
-7147.99
-7165.53
-7182.96
-7200.28
-7217.5
-7234.61
-7251.63
-7268.54
-7285.35
-7302.06
-7318.68
-7335.2
-7351.62
-7367.95
-7384.18
-7400.33
-7416.38
-7432.34
-7448.21
-7464
-7479.69
-7495.31
-7510.83
-7526.28
-7541.64
-7556.92
-7572.12
-7587.24
-7602.28
-7617.25
-7632.14
-7646.96
-7661.7
-7676.37
-7690.97
-7705.49
-7719.95
-7734.35
-7748.67
-7762.93
-7777.12
-7791.25
-7805.32
-7819.33
-7833.27
-7847.16
-7860.99
-7874.76
-7888.48
-7902.14
-7915.74
-7929.3
-7942.8
-7956.26
-7969.66
-7983.02
-7996.33
-8009.59
-8022.81
-8035.98
-8049.11
-8062.2
-8075.25
-8088.26
-8101.24
-8114.17
-8127.07
-8139.94
-8152.77
-8165.56
-8178.33
-8191.07
-8203.77
-8216.45
-8229.1
-8241.73
-8254.33
-8266.91
-8279.46
-8291.99
-8304.5
-8316.99
-8329.47
-8341.93
-8354.37
-8366.79
-8379.2
-8391.6
-8403.99
-8416.37
-8428.73
-8441.09
-8453.44
-8465.79
-8478.13
-8490.47
-8502.8
-8515.13
