-4621.83
-4626.84
-4631.85
-4636.83
-4641.79
-4646.71
-4651.59
-4656.42
-4661.19
-4665.89
-4670.51
-4675.04
-4679.48
-4683.82
-4688.04
-4692.14
-4696.11
-4699.94
-4703.62
-4707.15
-4710.52
-4713.71
-4716.71
-4719.53
-4722.15
-4724.56
-4726.76
-4728.76
-4730.57
-4732.21
-4733.69
-4735.01
-4736.2
-4737.27
-4738.23
-4739.08
-4739.85
-4740.55
-4741.18
-4741.77
-4742.32
-4742.85
-4743.37
-4743.89
-4744.42
-4744.98
-4745.58
-4746.23
-4746.95
-4747.75
-4748.63
-4749.61
-4750.68
-4751.83
-4753.05
-4754.33
-4755.67
-4757.06
-4758.5
-4759.97
-4761.47
-4762.99
-4764.53
-4766.07
-4767.61
-4769.14
-4770.66
-4772.16
-4773.62
-4775.05
-4776.43
-4777.77
-4779.04
-4780.24
-4781.38
-4782.43
-4783.4
-4784.3
-4785.12
-4785.88
-4786.59
-4787.24
-4787.84
-4788.4
-4788.92
-4789.41
-4789.87
-4790.31
-4790.73
-4791.15
-4791.56
-4791.97
-4792.38
-4792.81
-4793.25
-4793.72
-4794.21
-4794.73
-4795.29
-4795.9
-4796.55
-4797.26
-4798.02
-4798.85
-4799.74
-4800.71
-4801.75
-4802.87
-4804.07
-4805.37
-4806.75
-4808.24
-4809.83
-4811.52
-4813.33
-4815.25
-4817.29
-4819.46
-4821.75
-4824.18
-4826.75
-4829.46
-4832.32
-4835.33
-4838.49
-4841.82
-4845.29
-4848.92
-4852.69
-4856.59
-4860.63
-4864.79
-4869.07
-4873.47
-4877.97
-4882.57
-4887.27
-4892.06
-4896.94
-4901.89
-4906.92
-4912.01
-4917.17
-4922.38
-4927.64
-4932.94
-4938.29
-4943.66
-4949.06
-4954.48
-4959.92
-4965.37
-4970.84
-4976.31
-4981.79
-4987.28
-4992.77
-4998.26
-5003.75
-5009.24
-5014.72
-5020.2
-5025.67
-5031.13
-5036.58
-5042.01
-5047.42
-5052.82
-5058.19
-5063.55
-5068.87
-5074.17
-5079.45
-5084.69
-5089.89
-5095.07
-5100.23
-5105.37
-5110.5
-5115.64
-5120.78
-5125.94
-5131.13
-5136.35
-5141.61
-5146.92
-5152.28
-5157.71
-5163.22
-5168.8
-5174.47
-5180.24
-5186.11
-5192.09
-5198.2
-5204.43
-5210.79
-5217.3
-5223.97
-5230.79
-5237.77
-5244.9
-5252.19
-5259.62
-5267.19
-5274.89
-5282.73
-5290.69
-5298.78
-5306.98
-5315.3
-5323.72
-5332.25
-5340.88
-5349.6
-5358.41
-5367.31
-5376.29
-5385.34
-5394.47
-5403.66
-5412.92
-5422.23
-5431.6
-5441.02
-5450.52
-5460.13
-5469.9
-5479.86
-5490.04
-5500.48
-5511.21
-5522.28
-5533.71
-5545.55
-5557.82
-5570.58
-5583.84
-5597.65
-5612.04
-5627.05
-5642.72
-5659.08
-5676.16
-5694.01
-5712.66
-5732.14
-5752.49
-5773.74
-5795.92
-5818.94
-5842.73
-5867.2
-5892.27
-5917.86
-5943.89
-5970.27
-5996.93
-6023.77
-6050.72
-6077.7
-6104.62
-6131.4
-6157.95
-6184.2
-6210.07
-6235.46
-6260.31
-6284.52
-6308.01
-6330.71
-6352.52
-6373.37
-6393.18
-6411.93
-6429.73
-6446.71
-6462.98
-6478.67
-6493.89
-6508.76
-6523.4
-6537.94
-6552.48
-6567.16
-6582.09
-6597.39
-6613.18
-6629.58
-6646.71
-6664.69
-6683.63
-6703.67
-6724.92
-6747.49
-6771.51
-6797.1
-6824.38
-6853.45
-6884.33
-6916.89
-6951.02
-6986.6
-7023.51
-7061.62
-7100.84
-7141.03
-7182.07
-7223.86
-7266.26
-7309.17
-7352.46
-7396.02
-7439.73
-7483.46
-7527.11
-7570.55
-7613.67
-7656.34
-7698.45
-7739.88
-7780.51
-7820.22
-7858.93
-7896.73
-7933.85
-7970.51
-8006.94
-8043.37
-8080.01
-8117.09
-8154.84
-8193.47
-8233.21
-8274.3
-8316.94
-8361.36
-8407.8
-8456.46
-8507.58
-8561.38
-8618.09
-8677.92
-8741.11
-8807.87
-8878.43
-8953.01
-9031.85
-9115.03
-9202.1
-9292.43
-9385.36
-9480.28
-9576.53
-9673.49
-9770.52
-9866.97
-9962.21
-10055.6
-10146.5
-10234.3
-10318.4
-10398
-10472.6
-10541.6
-10604.2
-10659.9
-10708.1
-10748
-10779
-10800.6
-10812.1
-10812.8
-10802.4
-10781.5
-10750.7
-10710.8
-10662.5
-10606.3
-10543.1
-10473.4
-10398
-10317.6
-10232.8
-10144.3
-10052.9
-9959.1
-9863.7
-9767.35
-9670.75
-9574.57
-9479.51
-9386.24
-9295.45
-9207.82
-9124.04
-9044.8
-8970.76
-8902.19
-8838.76
-8780.07
-8725.75
-8675.41
-8628.67
-8585.15
-8544.45
-8506.2
-8470.01
-8435.49
-8402.27
-8369.96
-8338.17
-8306.53
-8274.64
-8242.12
-8208.59
-8173.67
-8136.96
-8098.09
-8056.68
-8012.33
-7964.67
-7913.32
-7858.24
-7799.63
-7737.71
-7672.69
-7604.8
-7534.24
-7461.23
-7385.98
-7308.73
-7229.67
-7149.02
-7067.01
-6983.84
-6899.74
-6814.92
-6729.58
-6643.96
-6558.27
-6472.72
-6387.52
-6302.9
-6219.07
-6136.25
-6054.64
-5974.45
-5895.7
-5818.33
-5742.27
-5667.48
-5593.88
-5521.43
-5450.05
-5379.69
-5310.29
-5241.79
-5174.13
-5107.25
-5041.08
-4975.58
-4910.68
-4846.32
-4782.44
-4718.97
-4655.87
-4593.07
-4530.51
-4468.13
-4405.87
-4343.67
