-4621.83
-4707.25
-4784.11
-4852.93
-4914.23
-4968.48
-5016.14
-5057.65
-5093.45
-5123.91
-5149.43
-5170.38
-5187.08
-5199.88
-5209.09
-5214.99
-5217.88
-5218.01
-5215.64
-5211.01
-5204.35
-5195.85
-5185.73
-5174.17
-5161.35
-5147.44
-5132.59
-5116.95
-5100.65
-5083.82
-5066.58
-5049.04
-5031.31
-5013.47
-4995.62
-4977.84
-4960.19
-4942.75
-4925.58
-4908.73
-4892.25
-4876.2
-4860.6
-4845.5
-4830.93
-4816.9
-4803.46
-4790.61
-4778.37
-4766.76
-4755.79
-4745.45
-4735.76
-4726.72
-4718.32
-4710.57
-4703.46
-4696.97
-4691.12
-4685.87
-4681.23
-4677.18
-4673.71
-4670.8
-4668.43
-4666.6
-4665.27
-4664.44
-4664.09
-4664.19
-4664.73
-4665.69
-4667.04
-4668.77
-4670.87
-4673.3
-4676.05
-4679.09
-4682.42
-4686.01
-4689.83
-4693.88
-4698.13
-4702.57
-4707.17
-4711.92
-4716.81
-4721.81
-4726.92
-4732.11
-4737.37
-4742.69
-4748.05
-4753.44
-4758.85
-4764.26
-4769.67
-4775.06
-4780.43
-4785.77
-4791.06
-4796.29
-4801.47
-4806.59
-4811.63
-4816.59
-4821.47
-4826.27
-4830.97
-4835.58
-4840.09
-4844.51
-4848.82
-4853.03
-4857.14
-4861.14
-4865.04
-4868.84
-4872.54
-4876.14
-4879.64
-4883.05
-4886.37
-4889.59
-4892.73
-4895.79
-4898.77
-4901.67
-4904.51
-4907.28
-4909.99
-4912.65
-4915.26
-4917.82
-4920.34
-4922.84
-4925.3
-4927.75
-4930.18
-4932.6
-4935.02
-4937.44
-4939.88
-4942.33
-4944.8
-4947.3
-4949.84
-4952.41
-4955.03
-4957.71
-4960.44
-4963.24
-4966.11
-4969.05
-4972.08
-4975.19
-4978.39
-4981.68
-4985.08
-4988.58
-4992.19
-4995.91
-4999.75
-5003.71
-5007.8
-5012.01
-5016.36
-5020.84
-5025.45
-5030.21
-5035.1
-5040.15
-5045.33
-5050.66
-5056.15
-5061.78
-5067.56
-5073.49
-5079.58
-5085.81
-5092.2
-5098.75
-5105.44
-5112.29
-5119.29
-5126.43
-5133.73
-5141.18
-5148.77
-5156.51
-5164.39
-5172.42
-5180.59
-5188.89
-5197.33
-5205.91
-5214.62
-5223.45
-5232.42
-5241.51
-5250.73
-5260.06
-5269.51
-5279.08
-5288.76
-5298.55
-5308.45
-5318.46
-5328.56
-5338.77
-5349.08
-5359.48
-5369.97
-5380.56
-5391.23
-5402
-5412.84
-5423.78
-5434.79
-5445.89
-5457.07
-5468.33
-5479.67
-5491.08
-5502.57
-5514.14
-5525.79
-5537.52
-5549.32
-5561.21
-5573.17
-5585.22
-5597.35
-5609.56
-5621.87
-5634.26
-5646.74
-5659.32
-5672
-5684.78
-5697.67
-5710.67
-5723.78
-5737.01
-5750.37
-5763.86
-5777.48
-5791.25
-5805.16
-5819.23
-5833.46
-5847.86
-5862.43
-5877.19
-5892.15
-5907.3
-5922.66
-5938.24
-5954.05
-5970.1
-5986.39
-6002.94
-6019.75
-6036.84
-6054.21
-6071.88
-6089.86
-6108.16
-6126.79
-6145.76
-6165.08
-6184.76
-6204.82
-6225.26
-6246.1
-6267.35
-6289.01
-6311.11
-6333.65
-6356.64
-6380.09
-6404.02
-6428.43
-6453.34
-6478.75
-6504.68
-6531.13
-6558.12
-6585.65
-6613.74
-6642.38
-6671.59
-6701.38
-6731.75
-6762.71
-6794.26
-6826.42
-6859.18
-6892.54
-6926.53
-6961.12
-6996.34
-7032.17
-7068.62
-7105.69
-7143.37
-7181.67
-7220.59
-7260.11
-7300.23
-7340.95
-7382.26
-7424.15
-7466.62
-7509.64
-7553.22
-7597.33
-7641.96
-7687.11
-7732.74
-7778.85
-7825.41
-7872.41
-7919.82
-7967.61
-8015.77
-8064.26
-8113.07
-8162.15
-8211.48
-8261.03
-8310.76
-8360.64
-8410.63
-8460.69
-8510.78
-8560.87
-8610.9
-8660.83
-8710.61
-8760.2
-8809.55
-8858.61
-8907.32
-8955.63
-9003.49
-9050.83
-9097.6
-9143.73
-9189.17
-9233.86
-9277.72
-9320.7
-9362.72
-9403.72
-9443.63
-9482.37
-9519.89
-9556.09
-9590.92
-9624.3
-9656.14
-9686.38
-9714.94
-9741.74
-9766.71
-9789.77
-9810.83
-9829.83
-9846.68
-9861.31
-9873.63
-9883.58
-9891.08
-9896.04
-9898.4
-9898.08
-9895.02
-9889.13
-9880.34
-9868.6
-9853.84
-9835.98
-9814.98
-9790.77
-9763.3
-9732.51
-9698.36
-9660.79
-9619.78
-9575.28
-9527.25
-9475.68
-9420.54
-9361.8
-9299.47
-9233.53
-9163.98
-9090.84
-9014.11
-8933.83
-8850.01
-8762.71
-8671.96
-8577.83
-8480.39
-8379.7
-8275.85
-8168.96
-8059.12
-7946.46
-7831.11
-7713.23
-7592.98
-7470.53
-7346.07
-7219.82
-7092
-6962.85
-6832.62
-6701.6
-6570.08
-6438.37
-6306.81
-6175.76
-6045.59
-5916.72
-5789.55
-5664.55
-5542.17
-5422.94
-5307.36
-5196.01
-5089.45
-4988.3
-4893.21
-4804.85
-4723.94
-4651.2
-4587.41
-4533.4
-4490
-4458.1
-4438.64
-4432.56
-4440.89
-4464.67
-4504.99
-4563
-4639.88
-4736.86
-4855.23
-4996.32
-5161.51
-5352.25
-5570.02
