-4621.83
-55203.9
-92240.9
-118120
-134896
-144334
-147936
-146982
-142549
-135542
-126711
-116678
-105948
-94928.7
-83942.7
-73241.2
-63014.2
-53400.5
-44495.7
-36360
-29024.5
-22496.5
-16764.8
-11803.4
-7575.47
-4035.8
-1133.74
1184.85
2975.87
4295.48
5199.05
5740.19
5970.08
5936.95
5685.72
5257.75
4690.7
4018.53
3271.46
2476.16
1655.76
830.153
16.0822
-772.575
-1524.6
-2231.21
-2885.8
-3483.71
-4022.03
-4499.35
-4915.55
-5271.64
-5569.51
-5811.85
-6001.9
-6143.37
-6240.31
-6296.95
-6317.66
-6306.83
-6268.77
-6207.71
-6127.7
-6032.58
-5925.94
-5811.1
-5691.11
-5568.71
-5446.34
-5326.12
-5209.9
-5099.23
-4995.37
-4899.33
-4811.88
-4733.53
-4664.61
-4605.26
-4555.43
-4514.93
-4483.45
-4460.57
-4445.75
-4438.42
-4437.93
-4443.6
-4454.7
-4470.52
-4490.35
-4513.46
-4539.16
-4566.8
-4595.76
-4625.44
-4655.31
-4684.88
-4713.71
-4741.43
-4767.7
-4792.24
-4814.83
-4835.31
-4853.54
-4869.45
-4883.01
-4894.22
-4903.13
-4909.81
-4914.36
-4916.92
-4917.64
-4916.68
-4914.22
-4910.47
-4905.6
-4899.82
-4893.34
-4886.35
-4879.04
-4871.6
-4864.2
-4857
-4850.16
-4843.81
-4838.07
-4833.04
-4828.83
-4825.49
-4823.09
-4821.67
-4821.25
-4821.85
-4823.46
-4826.06
-4829.62
-4834.12
-4839.48
-4845.67
-4852.6
-4860.21
-4868.42
-4877.15
-4886.31
-4895.82
-4905.6
-4915.56
-4925.62
-4935.7
-4945.73
-4955.63
-4965.34
-4974.81
-4983.97
-4992.79
-5001.23
-5009.25
-5016.83
-5023.96
-5030.61
-5036.8
-5042.53
-5047.8
-5052.63
-5057.05
-5061.08
-5064.76
-5068.11
-5071.18
-5074.02
-5076.66
-5079.15
-5081.54
-5083.88
-5086.21
-5088.57
-5091.02
-5093.59
-5096.32
-5099.26
-5102.43
-5105.86
-5109.59
-5113.63
-5118.01
-5122.73
-5127.8
-5133.24
-5139.04
-5145.2
-5151.72
-5158.57
-5165.75
-5173.23
-5181.01
-5189.04
-5197.32
-5205.8
-5214.47
-5223.28
-5232.22
-5241.24
-5250.32
-5259.43
-5268.54
-5277.62
-5286.66
-5295.62
-5304.48
-5313.24
-5321.88
-5330.38
-5338.74
-5346.97
-5355.06
-5363.02
-5370.85
-5378.59
-5386.23
-5393.81
-5401.35
-5408.89
-5416.44
-5424.06
-5431.78
-5439.63
-5447.67
-5455.94
-5464.48
-5473.33
-5482.55
-5492.19
-5502.27
-5512.86
-5523.98
-5535.69
-5548.01
-5560.98
-5574.64
-5589
-5604.09
-5619.92
-5636.51
-5653.87
-5671.99
-5690.88
-5710.52
-5730.9
-5752
-5773.79
-5796.24
-5819.32
-5842.98
-5867.18
-5891.86
-5916.98
-5942.48
-5968.29
-5994.35
-6020.6
-6046.97
-6073.39
-6099.8
-6126.13
-6152.31
-6178.28
-6203.98
-6229.35
-6254.34
-6278.9
-6302.98
-6326.55
-6349.56
-6372.01
-6393.86
-6415.11
-6435.75
-6455.79
-6475.25
-6494.13
-6512.48
-6530.32
-6547.71
-6564.7
-6581.35
-6597.74
-6613.93
-6630.01
-6646.06
-6662.19
-6678.49
-6695.06
-6712
-6729.42
-6747.43
-6766.13
-6785.64
-6806.04
-6827.45
-6849.96
-6873.66
-6898.64
-6924.96
-6952.71
-6981.94
-7012.71
-7045.04
-7078.98
-7114.53
-7151.71
-7190.51
-7230.9
-7272.85
-7316.32
-7361.25
-7407.57
-7455.19
-7504.03
-7553.98
-7604.93
-7656.75
-7709.33
-7762.52
-7816.2
-7870.21
-7924.42
-7978.69
-8032.89
-8086.87
-8140.52
-8193.72
-8246.35
-8298.33
-8349.57
-8400.01
-8449.6
-8498.32
-8546.15
-8593.11
-8639.23
-8684.58
-8729.23
-8773.3
-8816.9
-8860.2
-8903.37
-8946.6
-8990.11
-9034.12
-9078.88
-9124.64
-9171.67
-9220.23
-9270.59
-9323.01
-9377.73
-9435.01
-9495.03
-9558
-9624.07
-9693.35
-9765.9
-9841.74
-9920.84
-10003.1
-10088.2
-10176.1
-10266.4
-10358.5
-10452.1
-10546.5
-10641
-10734.7
-10826.9
-10916.4
-11002.1
-11083
-11157.6
-11224.7
-11282.8
-11330.5
-11366.2
-11388.3
-11395.4
-11385.7
-11357.9
-11310.4
-11241.9
-11151
-11036.7
-10897.8
-10733.8
-10544
-10328.1
-10086.3
-9818.91
-9526.74
-9211
-8873.34
-8515.92
-8141.39
-7752.95
-7354.39
-6950.05
-6544.88
-6144.4
-5754.74
-5382.6
-5035.22
-4720.37
-4446.24
-4221.45
-4054.92
-3955.77
-3933.23
-3996.49
-4154.53
-4415.96
-4788.81
-5280.31
-5896.64
-6642.66
-7521.62
-8534.82
-9681.3
-10957.5
-12356.7
-13869.1
-15480.8
-17173.9
-18925.6
-20708.4
-22489.4
-24229.5
-25884.1
-27401.9
-28725
-29789
-30522.6
-30847.9
-30680.7
-29930.9
-28502.9
-26297
-23210.1
-19137.6
-13975
-7620.48
22.058
9039.88
19507
31479.5
44989.7
60039.2
76591.9
94564.2
113815
134135
155232
176715
198079
218687
237741
254268
267081
274757
275601
267602
248397
215220
164851
93556.4
-2973.42
